-256	11.512925465	43659
	21.284213209
-254	11.168724109	43397
	40.257121498
-253	10.878069643	43312
	24.038566838
-252	10.570862595	44592
	31.459574053
-251	10.276304234	44817
	174.287215990
-250	9.994882335	44563
	13.000000000
-249	9.737867732	44485
	67.112623968
-248	9.471442614	44828
	-9.633696398
-247	9.238859464	44509
	-0.442614340
-246	9.006720532	44921
	81.129655543
-245	8.784477745	45064
	-53.192855704
-244	8.569051971	45345
	-86.665268734
-243	8.367858101	45471
	52.255150864
-242	8.167459627	45739
	-21.039580810
-241	7.995010127	45471
	-60.726948600
-240	7.807753895	46070
	-88.459001408
-239	7.639879306	45243
	107.676986955
-238	7.475741808	44890
	61.351626697
-237	7.314829131	44411
	-156.156316515
-236	7.148523186	44950
	2.182988421
-235	6.993756061	45022
	-124.924447979
-234	6.847483103	44856
	-108.392954603
-233	6.709412624	44447
	189.377223499
-232	6.579967846	43311
	-45.625326047
-231	6.451930304	42969
	-43.955383141
-230	6.331977298	42483
	150.330318211
-229	6.212490608	41971
	-54.598326853
-228	6.092215901	42228
	-77.714799829
-227	5.968687211	42978
	94.976766380
-226	5.861875852	43197
	64.120157571
-225	5.749787663	43344
	-73.507216731
-224	5.650199359	42714
	44.520713362
-223	5.541264822	44025
	-26.879753689
-222	5.450616290	43489
	16.210711726
-221	5.357437049	43130
	45.929873553
-220	5.270627563	42956
	-55.991313778
-219	5.187682976	42839
	11.462713527
-218	5.093938043	42821
	45.855710528
-217	5.013450538	42326
	48.930833123
-216	4.931363558	42558
	57.280945048
-215	4.848994081	41964
	177.212608094
-214	4.776539376	42315
	-82.961373944
-213	4.709795808	42874
	106.476489408
-212	4.647225028	42038
	11.761115236
-211	4.581250121	41891
	-8.610773091
-210	4.523915743	42440
	-151.384340025
-209	4.457246145	43081
	-97.731849158
-208	4.393393522	43574
	66.888639790
-207	4.336543550	43757
	22.383152511
-206	4.276037549	44046
	178.670734469
-205	4.221272742	43758
	83.165028244
-204	4.161069652	43773
	27.288859195
-203	4.106083771	43549
	119.855544062
-202	4.048055326	43368
	-26.391779685
-201	3.997363826	43225
	-15.862199511
-200	3.955089410	42947
	69.475476152
-199	3.908921456	42548
	-145.556557299
-198	3.860028987	42546
	137.585943725
-197	3.812047591	43349
	-22.103705879
-196	3.768120607	43423
	-144.242774666
-195	3.722163578	44135
	16.738308532
-194	3.682375198	44434
	35.142955159
-193	3.643712332	43939
	-60.607145543
-192	3.607679521	43448
	-85.629283647
-191	3.567827245	43737
	-64.148939301
-190	3.532929754	43570
	35.825068491
-189	3.504050826	43600
	-29.277807228
-188	3.473707234	43598
	-134.050505852
-187	3.438000684	43530
	56.886509983
-186	3.413427314	43183
	-3.261220033
-185	3.375810852	43607
	-37.571267775
-184	3.357066383	42911
	-16.676341118
-183	3.325764110	43143
	-90.839651085
-182	3.305396816	42775
	-41.544999101
-181	3.283031156	42537
	70.733627132
-180	3.248516446	42664
	38.175993995
-179	3.235731250	41520
	27.454271789
-178	3.214436179	40792
	-69.257971091
-177	3.186824789	41229
	137.097201085
-176	3.173668211	40560
	-34.522666453
-175	3.153485721	39338
	-195.086951782
-174	3.134662008	39780
	135.160619724
-173	3.108378058	40374
	-36.565060997
-172	3.083276277	40318
	-59.243397680
-171	3.054663947	40817
	112.023314038
-170	3.042672282	40436
	14.480425845
-169	3.017352005	40539
	33.866345080
-168	3.003405979	40173
	37.126791313
-167	2.983093208	40458
	-33.195944011
-166	2.964502489	40588
	-90.243774098
-165	2.943524664	40250
	-36.483555585
-164	2.927224940	40624
	80.028940064
-163	2.912874108	39852
	101.304631109
-162	2.896314999	39567
	104.207977057
-161	2.882007396	40606
	-32.631151926
-160	2.868566623	40229
	-66.108873257
-159	2.857718533	39420
	53.747282324
-158	2.840844681	39951
	18.797200627
-157	2.832333034	39500
	35.129557852
-156	2.817439934	39885
	30.903293159
-155	2.806167325	39409
	-180.295821854
-154	2.794493308	39383
	-59.426233643
-153	2.778583711	39016
	14.508647815
-152	2.760192966	39214
	214.864997041
-151	2.747517636	38309
	-9.391898174
-150	2.739258205	38568
	-62.067738569
-149	2.732076665	38175
	80.022991489
-148	2.725501424	37838
	-103.319226370
-147	2.724909028	37581
	3.957608656
-146	2.712162590	38328
	225.098107908
-145	2.700040212	39057
	-24.352821208
-144	2.692990681	39465
	38.923085595
-143	2.675308770	39512
	-227.748697269
-142	2.662343970	39683
	-173.162740867
-141	2.652176043	39803
	-45.197865788
-140	2.651803633	39223
	-119.898264364
-139	2.637021786	39152
	121.755602973
-138	2.631000957	40117
	-90.328506613
-137	2.615429660	40287
	-68.116860874
-136	2.613173103	40674
	4.716280006
-135	2.605524411	40527
	84.383090565
-134	2.602312809	40568
	-73.852991059
-133	2.586768737	40525
	-35.496930962
-132	2.585215544	41108
	137.580714601
-131	2.585204875	40744
	16.890712681
-130	2.583750671	41198
	-50.811125861
-129	2.570398366	41682
	-193.034008943
-128	2.570978871	40953
	-14.412200949
-127	2.571393197	40470
	-131.666547205
-126	2.554995319	40923
	-18.330846779
-125	2.553632608	40255
	-133.409764756
-124	2.552398046	39681
	-32.093079418
-123	2.546185112	40108
	60.974109154
-122	2.538604459	39429
	-3.153190354
-121	2.531923881	39259
	-75.128054186
-120	2.522874078	39615
	92.179107338
-119	2.524425050	39867
	14.933321354
-118	2.512557259	39931
	47.000597975
-117	2.502952954	40589
	-23.299225511
-116	2.500767758	40585
	-141.963889916
-115	2.494464627	39591
	-11.828569782
-114	2.485390579	39880
	101.995630088
-113	2.478772959	40707
	21.760416107
-112	2.479708498	40470
	104.945212851
-111	2.470364844	40340
	-12.176790164
-110	2.475188976	40580
	26.955491582
-109	2.465024119	40700
	2.129332054
-108	2.458534604	41312
	12.350192304
-107	2.453677302	41378
	79.673051870
-106	2.457318177	41199
	47.523081473
-105	2.456817245	40740
	-15.998156978
-104	2.449034980	40903
	-5.608388030
-103	2.442662483	41372
	-79.424399964
-102	2.434593489	41171
	98.227895023
-101	2.427521518	41535
	157.709579097
-100	2.424681654	40759
	9.824916902
-99	2.419662735	40407
	-67.060669054
-98	2.418206682	39889
	-168.780870051
-97	2.407172671	40607
	74.508185019
-96	2.403049951	40932
	8.720596039
-95	2.391419565	40536
	-84.091259956
-94	2.398673466	40303
	-107.168798244
-93	2.397089621	40419
	48.736770040
-92	2.395164942	40680
	-35.454164354
-91	2.392826622	41116
	-74.216772807
-90	2.391469320	41933
	-9.517440211
-89	2.386738619	41721
	92.563891228
-88	2.376804775	41660
	-126.518276235
-87	2.366846820	41649
	191.964256753
-86	2.361429026	41089
	55.511435339
-85	2.364707967	42239
	-103.769744200
-84	2.360943725	41061
	2.745815692
-83	2.354391566	40681
	-107.088504333
-82	2.358054062	41487
	88.366886034
-81	2.368519222	40524
	18.478427313
-80	2.365741557	41056
	-39.778958659
-79	2.364021173	41437
	135.089366699
-78	2.357741391	40952
	-220.575033798
-77	2.355386248	41279
	24.060130478
-76	2.357365673	41434
	-18.225704413
-75	2.352504825	41402
	-7.029925272
-74	2.348740852	41938
	21.345442471
-73	2.352946868	41351
	-37.594129890
-72	2.348199373	41464
	76.462135287
-71	2.351733824	40937
	135.411385035
-70	2.354469111	41143
	66.527181997
-69	2.355652964	41660
	-28.634415786
-68	2.362913867	41493
	-51.409062765
-67	2.364380842	41820
	42.045839566
-66	2.373458242	40788
	-136.589153790
-65	2.369770756	41171
	-30.212309872
-64	2.373788273	41320
	-122.250602279
-63	2.379630094	40712
	34.988768355
-62	2.370171851	41334
	71.150494943
-61	2.368597781	41492
	41.571230039
-60	2.379171183	41143
	-140.967028822
-59	2.377867660	41249
	39.171141508
-58	2.382927245	40960
	-41.478763142
-57	2.384015670	41029
	65.804681083
-56	2.388166359	41535
	170.424573758
-55	2.393428659	40894
	33.058097800
-54	2.394116944	40668
	-145.897223636
-53	2.398048973	40184
	-79.525970299
-52	2.403626358	40412
	-216.325450755
-51	2.396742826	40440
	136.601259213
-50	2.405722847	40297
	-74.278634648
-49	2.395302719	40614
	-19.644258387
-48	2.408624163	40047
	-14.635175020
-47	2.420072814	39537
	-142.563132391
-46	2.421423471	39956
	69.991732260
-45	2.416652462	39821
	63.389920479
-44	2.418026229	39539
	-42.681812122
-43	2.417080795	39452
	-29.545251876
-42	2.411171084	39260
	-79.207390701
-41	2.400654381	39586
	-53.925767782
-40	2.401756322	39392
	-125.694753599
-39	2.404921791	38735
	46.965815438
-38	2.407263612	38410
	-5.416172401
-37	2.418709537	37761
	44.555648201
-36	2.413510388	37922
	-46.184111129
-35	2.416314757	38398
	1.317549523
-34	2.411765313	39042
	-116.524263793
-33	2.406650787	39400
	-8.556439154
-32	2.401328361	39600
	-38.743201476
-31	2.407751283	39415
	-38.509484888
-30	2.408937937	39168
	-91.287228766
-29	2.408010816	38578
	95.121371056
-28	2.416316247	38620
	81.673057185
-27	2.411206728	39282
	-22.436386633
-26	2.418946704	38665
	-60.026576292
-25	2.418371698	39265
	24.478118140
-24	2.419226175	39274
	-127.590792066
-23	2.419505453	39146
	-129.817684009
-22	2.418652302	39216
	-27.910751983
-21	2.411956718	40453
	-38.212038499
-20	2.409961915	40142
	42.635378821
-19	2.418221628	40152
	19.873734324
-18	2.417110955	39468
	45.291219429
-17	2.409307366	39814
	22.353753791
-16	2.412133208	39247
	121.183064535
-15	2.411983406	39068
	-42.106074006
-14	2.412549740	39354
	-145.705050940
-13	2.418862974	39658
	-139.422032514
-12	2.408681547	40834
	24.837951580
-11	2.413281878	41079
	11.695194025
-10	2.407422578	41208
	-97.036805314
-9	2.409686497	41371
	45.565003657
-8	2.417910090	40965
	-48.214410696
-7	2.418921744	41048
	56.110477353
-6	2.421429908	41426
	-189.994291545
-5	2.425774222	41402
	-183.646336465
-4	2.428109339	41079
	121.243326174
-3	2.427518597	41339
	-5.414671842
-2	2.429238102	40695
	-120.364637345
-1	2.429852938	40564
	-115.609015440
0	2.428049376	40653
	31.134295491
1	2.427026382	40583
	-148.316408676
2	2.432616105	40189
	1.052055982
3	2.434040716	39875
	-49.243520835
4	2.436265042	40339
	-24.233537461
5	2.441721147	40740
	107.415166337
6	2.440873450	41048
	138.789447699
7	2.451350367	40432
	-174.628754268
8	2.449325299	40514
	181.345346036
9	2.455488374	39921
	97.795838535
10	2.460161334	40106
	-53.840482394
11	2.454133308	40618
	-51.488095552
12	2.457670232	40789
	9.150214427
13	2.473239234	40431
	17.998069619
14	2.475045463	40361
	-100.423856341
15	2.469966641	41317
	61.339252854
16	2.469192406	42365
	-145.276811845
17	2.477014756	42004
	-112.935703841
18	2.474147251	42231
	-17.161598952
19	2.477739727	42174
	56.108260617
20	2.486613235	42561
	-73.353784237
21	2.482051363	43245
	39.408573134
22	2.486465549	43170
	44.858299448
23	2.492306193	43121
	3.069507127
24	2.500393814	42548
	70.993222525
25	2.510888001	41801
	-4.884444669
26	2.516453823	41477
	182.603991995
27	2.511040097	42158
	-23.691588695
28	2.520999094	41243
	-2.664119104
29	2.520322850	42087
	-149.333146218
30	2.520569062	41390
	-5.868184284
31	2.526021918	41659
	56.905330434
32	2.524692809	42336
	91.783782975
33	2.524340903	42006
	57.517637053
34	2.537557116	42065
	-34.613415527
35	2.548785618	42093
	-178.338312984
36	2.546889132	42066
	-58.571671335
37	2.553736513	41892
	-134.445809648
38	2.553104198	41850
	-25.941001293
39	2.559408521	41554
	-8.136492827
40	2.561145863	42127
	-92.331540873
41	2.569241023	41062
	-31.675651943
42	2.577803021	41310
	43.085868054
43	2.590272641	41018
	62.059851370
44	2.598802170	41211
	-88.582956774
45	2.600571981	41451
	41.618544412
46	2.614969751	41747
	-107.402060579
47	2.615393629	41861
	14.451731868
48	2.623364052	41507
	27.935097881
49	2.631434834	41408
	51.477140355
50	2.642639076	40648
	84.961075671
51	2.650767615	40225
	-105.989376080
52	2.661860159	39845
	28.819664068
53	2.662559649	39939
	122.002786459
54	2.672683483	39290
	158.993447966
55	2.667101568	39900
	-15.298948143
56	2.667349732	39640
	174.313677201
57	2.673398381	39124
	19.776606635
58	2.675387075	39059
	77.985439152
59	2.678279912	39194
	-99.443380483
60	2.680544456	39273
	-197.306178400
61	2.684882393	38461
	57.684101719
62	2.689379459	37472
	13.044068521
63	2.688817164	38213
	-53.222775920
64	2.697495272	37247
	-36.412511708
65	2.706877371	36705
	159.165714244
66	2.706020569	36870
	-71.953465042
67	2.716574376	36898
	28.360849722
68	2.724326855	37296
	25.017760760
69	2.731492316	36982
	95.568453030
70	2.730042702	37436
	-31.266931203
71	2.740919461	38029
	97.535332425
72	2.739266952	37545
	-30.067438575
73	2.751574164	37832
	117.095695111
74	2.752481406	38416
	77.630954963
75	2.744833803	38856
	25.244222257
76	2.754296189	38338
	98.552931483
77	2.752557790	38476
	151.811188701
78	2.752777507	39185
	143.698224624
79	2.760538539	38625
	-89.463856254
80	2.752488559	38070
	55.661602160
81	2.756867578	38367
	11.295737045
82	2.750016695	38894
	-153.060486864
83	2.750736287	38419
	-29.059464160
84	2.744481182	38516
	-108.601827326
85	2.753006672	38608
	34.082083570
86	2.757648816	38615
	10.566881946
87	2.762165060	38661
	14.927003897
88	2.752518034	38782
	19.206703215
89	2.748668378	38686
	-107.737455719
90	2.752138501	38522
	-30.765392570
91	2.749707436	38176
	-77.649723909
92	2.745416796	38172
	-75.612239267
93	2.738376802	38456
	167.067375773
94	2.746164879	37653
	-4.953946566
95	2.742130047	37806
	-26.565064841
96	2.747932127	37289
	-88.512989053
97	2.739265403	37443
	-30.072054941
98	2.737978479	37743
	45.228285916
99	2.733676707	37424
	79.151560102
100	2.730852654	38037
	186.545040828
101	2.732361948	38192
	24.315984732
102	2.733578345	37851
	-40.095560221
103	2.733304327	37486
	60.022338071
104	2.726816392	37556
	-28.309265581
105	2.733619293	36993
	-133.406541470
106	2.728503426	37271
	-114.798033757
107	2.723344644	37959
	-17.630688966
108	2.712990856	38324
	124.293955815
109	2.724790936	37122
	22.626009021
110	2.724459445	36632
	-50.623417887
111	2.719662419	36511
	82.875457436
112	2.715487828	37081
	-104.028709852
113	2.711760929	36941
	-160.790189220
114	2.707329085	36993
	-85.431510381
115	2.710520601	37330
	-71.512245888
116	2.713882079	37379
	-16.713768094
117	2.711522793	37628
	-94.579413671
118	2.709560802	37981
	-1.823020623
119	2.708563542	38286
	117.830618486
120	2.710217332	38556
	-30.860763126
121	2.705876192	38831
	-44.281893121
122	2.706477007	38161
	66.538953592
123	2.705729356	37165
	-52.379813135
124	2.704842007	37386
	-149.390993599
125	2.694925254	37906
	19.348573361
126	2.704374721	37375
	-130.237003141
127	2.708684673	37401
	-0.206127362
128	2.707426673	37868
	94.593913453
129	2.709225288	37961
	125.134089124
130	2.708780086	38318
	32.990562169
131	2.712508460	37663
	177.024761079
132	2.719063928	37711
	-28.782593976
133	2.718653714	38026
	-263.515507054
134	2.728835946	37624
	75.760043343
135	2.735575056	37938
	87.064914395
136	2.742932385	36364
	-126.294791999
137	2.749019301	36144
	-134.551882916
138	2.757324582	35638
	110.199780551
139	2.764367541	36153
	132.284998668
140	2.770899048	35973
	62.428054127
141	2.781141853	35544
	-51.039750080
142	2.786579689	36335
	171.045757964
143	2.789014300	35799
	85.258970727
144	2.794383397	36223
	-18.339786398
145	2.799219629	36751
	-112.609944476
146	2.806770584	36853
	5.355104850
147	2.814539706	36442
	69.363195960
148	2.828459209	36350
	-47.712845095
149	2.839897593	36647
	-45.059181709
150	2.849062478	36778
	35.804889324
151	2.858252218	36821
	33.087038033
152	2.862657418	37371
	32.747164229
153	2.877690842	36707
	-78.549352418
154	2.888386523	36222
	-213.233951384
155	2.897271773	36277
	143.817681447
156	2.913519820	37141
	4.367523426
157	2.926299548	37046
	192.897596003
158	2.937194412	37132
	-58.527820512
159	2.948837852	37584
	-37.876697972
160	2.965934446	37483
	59.961745545
161	2.982405087	37757
	62.645012333
162	2.999922683	37253
	-49.594544307
163	3.023702403	37477
	97.137069668
164	3.040975770	37481
	-103.874383471
165	3.062600827	37644
	72.038051940
166	3.081578499	37140
	156.210405278
167	3.102935916	37500
	88.759260080
168	3.114653280	37987
	107.266220277
169	3.135972401	38205
	51.020834168
170	3.155914983	38293
	-228.464184935
171	3.172488501	38185
	-22.673834404
172	3.202151677	38235
	98.004274451
173	3.225800773	38045
	-116.852249781
174	3.251463255	38529
	-35.167611496
175	3.274199700	38588
	-43.841610226
176	3.293374171	38323
	174.056521574
177	3.315805202	38488
	51.748247200
178	3.344838297	38718
	-90.835539499
179	3.373284733	38192
	22.780958963
180	3.399181804	38931
	194.768250701
181	3.426622039	39258
	-27.162296167
182	3.452785393	40177
	15.089338046
183	3.488299688	39291
	111.589199685
184	3.515726199	39861
	84.087007152
185	3.549698150	39300
	11.720183881
186	3.587112074	38932
	-1.756230264
187	3.625559842	39256
	-56.973639197
188	3.655083900	40032
	-26.187788664
189	3.685304647	40828
	42.813894798
190	3.734583085	40606
	-7.634444227
191	3.772423347	40549
	27.012302662
192	3.807960069	40450
	-25.428396556
193	3.847736409	41091
	-93.462726361
194	3.891373297	40725
	23.449402291
195	3.928747108	41661
	79.492278301
196	3.970623022	41032
	26.184754471
197	4.016804626	41609
	-11.166510650
198	4.064411929	41113
	-135.301792407
199	4.109670823	41014
	-14.213893780
200	4.161196714	41110
	-173.118224086
201	4.211988708	40975
	-60.507278593
202	4.266773453	40913
	203.140919240
203	4.325914552	40835
	-43.238048184
204	4.381204372	40498
	123.413089985
205	4.437537675	40606
	11.193992848
206	4.500957345	40366
	-49.572615739
207	4.562646856	40131
	-36.157371507
208	4.636931290	38761
	47.392928572
209	4.708553111	39152
	151.703401811
210	4.779033994	38988
	-103.992072537
211	4.849912604	38483
	-53.701948022
212	4.920817470	37830
	-70.388424859
213	4.995208790	37843
	7.067127499
214	5.080306669	37805
	-4.160442348
215	5.155499240	37409
	119.194238635
216	5.243466204	37562
	-56.112960737
217	5.336101850	37209
	15.365392468
218	5.424412837	37057
	-84.339438742
219	5.509045218	37158
	-173.611686641
220	5.603787770	36853
	59.333223425
221	5.697238242	36524
	90.637217598
222	5.800148254	36090
	-58.567912458
223	5.906434392	35598
	-80.326800304
224	6.017065977	35346
	79.856825899
225	6.127975841	35681
	-24.506196087
226	6.239433040	35711
	-57.087461198
227	6.361005624	35199
	22.588610905
228	6.478657131	34586
	55.803453499
229	6.609136750	34673
	83.552511526
230	6.730176886	34491
	23.005337544
231	6.860875298	34485
	105.790315445
232	7.000882064	35094
	23.593090698
233	7.145177190	34550
	-98.593281761
234	7.287488018	34834
	99.159899743
235	7.436717992	35154
	101.033624096
236	7.592680712	34935
	-249.361545020
237	7.749986549	34819
	-19.207637697
238	7.908927788	34521
	0.698998933
239	8.081572254	34581
	172.196791229
240	8.248664190	34585
	-77.606895269
241	8.434152995	34282
	-86.631984385
242	8.625707288	34295
	-11.450767477
243	8.830081795	34124
	110.736212365
244	9.033960302	34323
	43.241926917
245	9.246850733	34720
	99.930081698
246	9.468267162	33981
	72.755691012
247	9.699879710	34024
	-15.692353680
248	9.951447104	33458
	118.494174933
249	10.210447122	32889
	-37.361461826
250	10.484024529	33742
	37.840849840
251	10.768518050	34561
	5.639822468
252	11.075623457	34558
	35.769868971
253	11.384335283	34892
	-26.134471089
254	11.685966317	34538
	87.800723965
256	12.043342684	34678
	173.227509054
