i	E(i)	g[i]	hist[i]
0	-2048.000000	0.000000	229340
4	-2040.000000	6.851494	231828
6	-2036.000000	7.539288	207348
8	-2032.000000	13.062588	246454
10	-2028.000000	14.434519	225123
12	-2024.000000	18.924484	227494
14	-2020.000000	20.656902	225244
16	-2016.000000	24.505754	236321
18	-2012.000000	26.542131	213241
20	-2008.000000	29.933176	233605
22	-2004.000000	32.139248	231916
24	-2000.000000	35.233641	232755
26	-1996.000000	37.516413	238359
28	-1992.000000	40.388309	236950
30	-1988.000000	42.775024	245618
32	-1984.000000	45.457489	240394
34	-1980.000000	47.863199	246093
36	-1976.000000	50.451542	245020
38	-1972.000000	52.818630	230884
40	-1968.000000	55.335421	247187
42	-1964.000000	57.712355	233735
44	-1960.000000	60.151302	238828
46	-1956.000000	62.482965	229893
48	-1952.000000	64.895844	229636
50	-1948.000000	67.236483	226045
52	-1944.000000	69.588442	226815
54	-1940.000000	71.919077	231457
56	-1936.000000	74.234499	226967
58	-1932.000000	76.535410	228153
60	-1928.000000	78.811855	229000
62	-1924.000000	81.087303	228064
64	-1920.000000	83.353567	228041
66	-1916.000000	85.585211	226727
68	-1912.000000	87.817633	225673
70	-1908.000000	90.032057	230031
72	-1904.000000	92.268867	226638
74	-1900.000000	94.465321	219708
76	-1896.000000	96.652714	220602
78	-1892.000000	98.851583	218145
80	-1888.000000	101.028675	217956
82	-1884.000000	103.185463	215658
84	-1880.000000	105.352468	212261
86	-1876.000000	107.497635	212388
88	-1872.000000	109.623745	210210
90	-1868.000000	111.769880	211819
92	-1864.000000	113.867994	207979
94	-1860.000000	115.994389	208140
96	-1856.000000	118.095182	209813
98	-1852.000000	120.193138	209374
100	-1848.000000	122.269255	213537
102	-1844.000000	124.356930	207968
104	-1840.000000	126.424522	210352
106	-1836.000000	128.480564	205664
108	-1832.000000	130.534672	211044
110	-1828.000000	132.592524	204839
112	-1824.000000	134.634048	209564
114	-1820.000000	136.659416	210324
116	-1816.000000	138.693186	216641
118	-1812.000000	140.715765	210021
120	-1808.000000	142.724464	211550
122	-1804.000000	144.734657	210124
124	-1800.000000	146.740871	210452
126	-1796.000000	148.737467	219031
128	-1792.000000	150.726274	218839
130	-1788.000000	152.723022	221242
132	-1784.000000	154.700783	218392
134	-1780.000000	156.682846	218168
136	-1776.000000	158.656355	224213
138	-1772.000000	160.633579	225648
140	-1768.000000	162.602709	227307
142	-1764.000000	164.575766	224957
144	-1760.000000	166.532280	226808
146	-1756.000000	168.488098	230566
148	-1752.000000	170.442379	232912
150	-1748.000000	172.386246	230264
152	-1744.000000	174.322760	231853
154	-1740.000000	176.265556	233594
156	-1736.000000	178.182236	237486
158	-1732.000000	180.124283	234682
160	-1728.000000	182.042446	243544
162	-1724.000000	183.964096	237600
164	-1720.000000	185.879913	242346
166	-1716.000000	187.802263	235123
168	-1712.000000	189.712324	237873
170	-1708.000000	191.603329	243246
172	-1704.000000	193.509474	235285
174	-1700.000000	195.407209	237061
176	-1696.000000	197.319033	237635
178	-1692.000000	199.209558	238955
180	-1688.000000	201.110056	240905
182	-1684.000000	203.005003	240405
184	-1680.000000	204.879959	236264
186	-1676.000000	206.757149	230534
188	-1672.000000	208.642509	232742
190	-1668.000000	210.502213	236882
192	-1664.000000	212.360874	233798
194	-1660.000000	214.240803	239184
196	-1656.000000	216.107464	238180
198	-1652.000000	217.962332	235537
200	-1648.000000	219.817461	242607
202	-1644.000000	221.668888	235300
204	-1640.000000	223.520729	235628
206	-1636.000000	225.365456	233940
208	-1632.000000	227.215059	236169
210	-1628.000000	229.042355	233104
212	-1624.000000	230.890133	236584
214	-1620.000000	232.715160	235420
216	-1616.000000	234.557245	234821
218	-1612.000000	236.373779	236290
220	-1608.000000	238.199471	230556
222	-1604.000000	240.012241	233532
224	-1600.000000	241.833132	229755
226	-1596.000000	243.650043	234336
228	-1592.000000	245.472332	236736
230	-1588.000000	247.271793	240172
232	-1584.000000	249.077826	241315
234	-1580.000000	250.898123	239557
236	-1576.000000	252.692341	239264
238	-1572.000000	254.511330	239234
240	-1568.000000	256.312204	241365
242	-1564.000000	258.114412	240679
244	-1560.000000	259.909880	241359
246	-1556.000000	261.701544	236351
248	-1552.000000	263.503153	239023
250	-1548.000000	265.293877	243354
252	-1544.000000	267.082657	239220
254	-1540.000000	268.872984	239505
256	-1536.000000	270.647640	235520
258	-1532.000000	272.445749	238381
260	-1528.000000	274.229824	233888
262	-1524.000000	276.008543	235859
264	-1520.000000	277.792311	239251
266	-1516.000000	279.560736	238549
268	-1512.000000	281.339809	241728
270	-1508.000000	283.105732	239690
272	-1504.000000	284.892342	238546
274	-1500.000000	286.652035	238902
276	-1496.000000	288.437641	234362
278	-1492.000000	290.210842	232120
280	-1488.000000	291.972902	228769
282	-1484.000000	293.741365	226771
284	-1480.000000	295.497768	227708
286	-1476.000000	297.261633	230037
288	-1472.000000	298.998346	231291
290	-1468.000000	300.758291	228977
292	-1464.000000	302.504337	225106
294	-1460.000000	304.262314	222006
296	-1456.000000	306.017084	219893
298	-1452.000000	307.763802	217770
300	-1448.000000	309.510061	213555
302	-1444.000000	311.246975	208718
304	-1440.000000	313.002893	205647
306	-1436.000000	314.736309	201900
308	-1432.000000	316.476158	203572
310	-1428.000000	318.213293	202407
312	-1424.000000	319.955927	201305
314	-1420.000000	321.703979	196454
316	-1416.000000	323.449497	201048
318	-1412.000000	325.183596	199065
320	-1408.000000	326.917368	200983
322	-1404.000000	328.644714	202134
324	-1400.000000	330.372471	199444
326	-1396.000000	332.117670	200407
328	-1392.000000	333.845333	203708
330	-1388.000000	335.575619	201594
332	-1384.000000	337.316725	200423
334	-1380.000000	339.039455	198424
336	-1376.000000	340.782913	196596
338	-1372.000000	342.505632	196323
340	-1368.000000	344.231726	197485
342	-1364.000000	345.960873	198334
344	-1360.000000	347.693390	198348
346	-1356.000000	349.410328	195706
348	-1352.000000	351.132864	193617
350	-1348.000000	352.852379	189880
352	-1344.000000	354.558411	189640
354	-1340.000000	356.284233	184636
356	-1336.000000	357.992615	183432
358	-1332.000000	359.705534	180339
360	-1328.000000	361.417440	181353
362	-1324.000000	363.124699	181868
364	-1320.000000	364.837835	182773
366	-1316.000000	366.548079	180675
368	-1312.000000	368.249374	181146
370	-1308.000000	369.951756	180666
372	-1304.000000	371.645674	177967
374	-1300.000000	373.346033	178869
376	-1296.000000	375.052292	176122
378	-1292.000000	376.749889	177898
380	-1288.000000	378.450558	174554
382	-1284.000000	380.151707	174024
384	-1280.000000	381.840988	171222
386	-1276.000000	383.537861	171436
388	-1272.000000	385.225115	174425
390	-1268.000000	386.911917	174445
392	-1264.000000	388.603943	174590
394	-1260.000000	390.290684	176126
396	-1256.000000	391.964203	175434
398	-1252.000000	393.637545	176077
400	-1248.000000	395.303679	175541
402	-1244.000000	396.983767	176225
404	-1240.000000	398.648857	175246
406	-1236.000000	400.321331	178138
408	-1232.000000	401.981543	178223
410	-1228.000000	403.654470	181839
412	-1224.000000	405.314711	187437
414	-1220.000000	406.989599	184569
416	-1216.000000	408.642260	183403
418	-1212.000000	410.297907	183867
420	-1208.000000	411.952703	183185
422	-1204.000000	413.606750	182020
424	-1200.000000	415.251572	180048
426	-1196.000000	416.908213	179515
428	-1192.000000	418.541609	180393
430	-1188.000000	420.178743	176495
432	-1184.000000	421.811750	176803
434	-1180.000000	423.452393	180186
436	-1176.000000	425.086220	175980
438	-1172.000000	426.708950	176100
440	-1168.000000	428.339228	176803
442	-1164.000000	429.964491	179613
444	-1160.000000	431.589529	176351
446	-1156.000000	433.209219	178015
448	-1152.000000	434.820690	176716
450	-1148.000000	436.434160	177901
452	-1144.000000	438.049631	177515
454	-1140.000000	439.649631	178878
456	-1136.000000	441.262419	178783
458	-1132.000000	442.869337	179167
460	-1128.000000	444.465597	178815
462	-1124.000000	446.061737	181168
464	-1120.000000	447.658581	181510
466	-1116.000000	449.259596	182607
468	-1112.000000	450.845757	183174
470	-1108.000000	452.432257	183679
472	-1104.000000	454.005083	184815
474	-1100.000000	455.587669	184336
476	-1096.000000	457.163185	187300
478	-1092.000000	458.728462	185246
480	-1088.000000	460.296198	188351
482	-1084.000000	461.866484	186305
484	-1080.000000	463.434719	186852
486	-1076.000000	464.992432	188436
488	-1072.000000	466.547358	188009
490	-1068.000000	468.102287	188240
492	-1064.000000	469.647060	188042
494	-1060.000000	471.191074	189496
496	-1056.000000	472.733011	190223
498	-1052.000000	474.270994	189879
500	-1048.000000	475.813223	191039
502	-1044.000000	477.358154	189484
504	-1040.000000	478.880323	186583
506	-1036.000000	480.407385	188813
508	-1032.000000	481.935362	190991
510	-1028.000000	483.454947	187855
512	-1024.000000	484.974363	188559
514	-1020.000000	486.485502	183881
516	-1016.000000	488.000282	184826
518	-1012.000000	489.510595	187963
520	-1008.000000	491.020042	185806
522	-1004.000000	492.528162	187099
524	-1000.000000	494.026472	187653
526	-996.000000	495.512648	184791
528	-992.000000	497.008461	185386
530	-988.000000	498.491978	182674
532	-984.000000	499.972322	184053
534	-980.000000	501.451105	182431
536	-976.000000	502.925730	181563
538	-972.000000	504.394459	180922
540	-968.000000	505.868315	179489
542	-964.000000	507.328114	179672
544	-960.000000	508.788185	179690
546	-956.000000	510.234095	180855
548	-952.000000	511.692799	180424
550	-948.000000	513.137848	182974
552	-944.000000	514.577705	183462
554	-940.000000	516.017307	181360
556	-936.000000	517.463812	178863
558	-932.000000	518.894569	179758
560	-928.000000	520.326361	178711
562	-924.000000	521.754097	183250
564	-920.000000	523.178059	185208
566	-916.000000	524.592007	188168
568	-912.000000	526.008789	187606
570	-908.000000	527.422735	190997
572	-904.000000	528.833803	191161
574	-900.000000	530.238234	189417
576	-896.000000	531.640919	190228
578	-892.000000	533.039265	189362
580	-888.000000	534.425110	188342
582	-884.000000	535.811743	190137
584	-880.000000	537.193636	192281
586	-876.000000	538.577511	193474
588	-872.000000	539.948059	196840
590	-868.000000	541.321892	198494
592	-864.000000	542.691635	199268
594	-860.000000	544.046501	199036
596	-856.000000	545.396042	199676
598	-852.000000	546.751684	199609
600	-848.000000	548.101723	203102
602	-844.000000	549.455734	203274
604	-840.000000	550.792946	200862
606	-836.000000	552.130362	201399
608	-832.000000	553.457973	203682
610	-828.000000	554.788565	203381
612	-824.000000	556.107210	201441
614	-820.000000	557.423544	199553
616	-816.000000	558.739763	199841
618	-812.000000	560.051458	198509
620	-808.000000	561.356619	198475
622	-804.000000	562.665895	196707
624	-800.000000	563.956791	197676
626	-796.000000	565.257006	196703
628	-792.000000	566.540283	200282
630	-788.000000	567.828699	201515
632	-784.000000	569.113739	200930
634	-780.000000	570.385502	204268
636	-776.000000	571.657392	202091
638	-772.000000	572.916950	203396
640	-768.000000	574.175461	204136
642	-764.000000	575.430094	203017
644	-760.000000	576.682661	203427
646	-756.000000	577.926502	203342
648	-752.000000	579.165344	200056
650	-748.000000	580.396738	200585
652	-744.000000	581.624668	203836
654	-740.000000	582.848511	203582
656	-736.000000	584.070839	207814
658	-732.000000	585.287947	209013
660	-728.000000	586.496742	211158
662	-724.000000	587.706659	209127
664	-720.000000	588.913851	212611
666	-716.000000	590.110617	207559
668	-712.000000	591.307011	206344
670	-708.000000	592.486698	207592
672	-704.000000	593.663403	209270
674	-700.000000	594.840853	211697
676	-696.000000	596.020281	212231
678	-692.000000	597.190042	214361
680	-688.000000	598.353510	215689
682	-684.000000	599.510117	217102
684	-680.000000	600.663038	216955
686	-676.000000	601.811771	219984
688	-672.000000	602.953848	218625
690	-668.000000	604.096872	218171
692	-664.000000	605.223635	215625
694	-660.000000	606.357143	213520
696	-656.000000	607.475336	215327
698	-652.000000	608.584602	217028
700	-648.000000	609.694513	220221
702	-644.000000	610.797577	219962
704	-640.000000	611.896597	218881
706	-636.000000	612.990379	219472
708	-632.000000	614.070726	221019
710	-628.000000	615.154150	221005
712	-624.000000	616.236811	222081
714	-620.000000	617.314985	221787
716	-616.000000	618.384262	222232
718	-612.000000	619.445305	223782
720	-608.000000	620.495855	219521
722	-604.000000	621.543766	217620
724	-600.000000	622.582947	218144
726	-596.000000	623.628834	216864
728	-592.000000	624.657011	218835
730	-588.000000	625.691601	217520
732	-584.000000	626.718504	216813
734	-580.000000	627.734299	216136
736	-576.000000	628.747078	216634
738	-572.000000	629.757692	216275
740	-568.000000	630.760097	215790
742	-564.000000	631.755800	216187
744	-560.000000	632.748911	212855
746	-556.000000	633.723480	214308
748	-552.000000	634.700855	214344
750	-548.000000	635.670076	211015
752	-544.000000	636.638042	208160
754	-540.000000	637.601028	209970
756	-536.000000	638.556276	210037
758	-532.000000	639.507158	209919
760	-528.000000	640.449471	206992
762	-524.000000	641.382502	207185
764	-520.000000	642.308254	207898
766	-516.000000	643.233149	207957
768	-512.000000	644.145229	207788
770	-508.000000	645.058048	208648
772	-504.000000	645.965900	208208
774	-500.000000	646.867310	206626
776	-496.000000	647.756447	205310
778	-492.000000	648.647913	206039
780	-488.000000	649.525429	206228
782	-484.000000	650.398792	205594
784	-480.000000	651.267530	204629
786	-476.000000	652.127489	204069
788	-472.000000	652.980984	205224
790	-468.000000	653.831999	206941
792	-464.000000	654.675945	206134
794	-460.000000	655.516747	205052
796	-456.000000	656.349726	204853
798	-452.000000	657.180647	203875
800	-448.000000	657.998421	204754
802	-444.000000	658.813910	205459
804	-440.000000	659.624941	204435
806	-436.000000	660.424938	204920
808	-432.000000	661.216084	205244
810	-428.000000	662.009241	205295
812	-424.000000	662.785873	205552
814	-420.000000	663.563229	206022
816	-416.000000	664.328972	206486
818	-412.000000	665.088011	206311
820	-408.000000	665.849434	205124
822	-404.000000	666.599354	206292
824	-400.000000	667.342035	206711
826	-396.000000	668.073099	205097
828	-392.000000	668.801926	202478
830	-388.000000	669.532623	200560
832	-384.000000	670.248743	200093
834	-380.000000	670.952448	198685
836	-376.000000	671.655882	196871
838	-372.000000	672.352070	197406
840	-368.000000	673.039398	196914
842	-364.000000	673.721992	196724
844	-360.000000	674.397278	198842
846	-356.000000	675.072376	199024
848	-352.000000	675.733505	198970
850	-348.000000	676.391832	199875
852	-344.000000	677.039932	200488
854	-340.000000	677.684441	201792
856	-336.000000	678.318096	201112
858	-332.000000	678.946695	201127
860	-328.000000	679.569494	202687
862	-324.000000	680.183338	201854
864	-320.000000	680.783531	200624
866	-316.000000	681.384670	200990
868	-312.000000	681.971674	200917
870	-308.000000	682.553467	201416
872	-304.000000	683.133619	202785
874	-300.000000	683.706715	203242
876	-296.000000	684.270432	201758
878	-292.000000	684.827408	201754
880	-288.000000	685.377895	202384
882	-284.000000	685.920212	200578
884	-280.000000	686.455910	199904
886	-276.000000	686.983850	197855
888	-272.000000	687.505709	196541
890	-268.000000	688.022469	197974
892	-264.000000	688.523945	197732
894	-260.000000	689.020039	199854
896	-256.000000	689.510981	197639
898	-252.000000	689.993561	199376
900	-248.000000	690.471354	200077
902	-244.000000	690.941446	199775
904	-240.000000	691.403275	199172
906	-236.000000	691.859117	199733
908	-232.000000	692.311661	200166
910	-228.000000	692.751898	200505
912	-224.000000	693.182053	200254
914	-220.000000	693.613020	201737
916	-216.000000	694.026665	199998
918	-212.000000	694.438953	201414
920	-208.000000	694.843891	199612
922	-204.000000	695.243635	198161
924	-200.000000	695.631992	200774
926	-196.000000	696.019274	200399
928	-192.000000	696.392290	200829
930	-188.000000	696.760015	202865
932	-184.000000	697.120180	201045
934	-180.000000	697.471079	201959
936	-176.000000	697.817436	203532
938	-172.000000	698.152307	204041
940	-168.000000	698.475861	205292
942	-164.000000	698.790775	204810
944	-160.000000	699.109852	205430
946	-156.000000	699.418598	204792
948	-152.000000	699.722212	205887
950	-148.000000	700.008320	205698
952	-144.000000	700.288979	205380
954	-140.000000	700.561468	206299
956	-136.000000	700.830173	206522
958	-132.000000	701.092983	206206
960	-128.000000	701.344999	204991
962	-124.000000	701.588547	204822
964	-120.000000	701.824045	204901
966	-116.000000	702.056293	205050
968	-112.000000	702.275928	204136
970	-108.000000	702.490185	204796
972	-104.000000	702.697338	205962
974	-100.000000	702.901693	206353
976	-96.000000	703.088787	205240
978	-92.000000	703.274496	206119
980	-88.000000	703.449284	205594
982	-84.000000	703.614000	207841
984	-80.000000	703.775320	206191
986	-76.000000	703.932009	206887
988	-72.000000	704.079113	206968
990	-68.000000	704.212217	208571
992	-64.000000	704.337637	208185
994	-60.000000	704.456200	207234
996	-56.000000	704.566837	208310
998	-52.000000	704.673826	207153
1000	-48.000000	704.768053	207643
1002	-44.000000	704.858831	207169
1004	-40.000000	704.940018	206526
1006	-36.000000	705.016466	205915
1008	-32.000000	705.083956	205567
1010	-28.000000	705.143423	205263
1012	-24.000000	705.195663	205162
1014	-20.000000	705.237606	205404
1016	-16.000000	705.276720	204851
1018	-12.000000	705.306681	204937
1020	-8.000000	705.323200	205706
1022	-4.000000	705.334343	206044
1024	0.000000	705.334393	204358
1026	4.000000	705.334621	204310
1028	8.000000	705.321259	203542
1030	12.000000	705.300560	203378
1032	16.000000	705.274101	204456
1034	20.000000	705.240700	205324
1036	24.000000	705.198053	204505
1038	28.000000	705.146009	204799
1040	32.000000	705.086163	203526
1042	36.000000	705.017914	203348
1044	40.000000	704.946415	203906
1046	44.000000	704.862608	203557
1048	48.000000	704.773479	203562
1050	52.000000	704.675688	202339
1052	56.000000	704.569044	202749
1054	60.000000	704.455101	202978
1056	64.000000	704.334564	203892
1058	68.000000	704.207743	203525
1060	72.000000	704.070305	204190
1062	76.000000	703.930595	204260
1064	80.000000	703.777258	204655
1066	84.000000	703.619261	204129
1068	88.000000	703.452236	204498
1070	92.000000	703.275909	204442
1072	96.000000	703.090944	203621
1074	100.000000	702.900337	202890
1076	104.000000	702.699953	204111
1078	108.000000	702.496166	204570
1080	112.000000	702.283476	204427
1082	116.000000	702.061241	203958
1084	120.000000	701.833223	204069
1086	124.000000	701.593586	205086
1088	128.000000	701.348818	205327
1090	132.000000	701.094217	204983
1092	136.000000	700.834335	205570
1094	140.000000	700.568602	206547
1096	144.000000	700.294895	206518
1098	148.000000	700.013130	206166
1100	152.000000	699.718122	207493
1102	156.000000	699.420898	206066
1104	160.000000	699.112066	205801
1106	164.000000	698.804340	206994
1108	168.000000	698.486067	208471
1110	172.000000	698.156298	209415
1112	176.000000	697.825708	210393
1114	180.000000	697.481085	210627
1116	184.000000	697.128521	211158
1118	188.000000	696.763096	211826
1120	192.000000	696.397234	210751
1122	196.000000	696.020779	210968
1124	200.000000	695.640427	211972
1126	204.000000	695.251318	212435
1128	208.000000	694.850790	213901
1130	212.000000	694.446878	212825
1132	216.000000	694.038279	213031
1134	220.000000	693.622047	212502
1136	224.000000	693.195471	211859
1138	228.000000	692.757032	210599
1140	232.000000	692.318489	207978
1142	236.000000	691.871143	207040
1144	240.000000	691.418800	207272
1146	244.000000	690.955524	205338
1148	248.000000	690.480555	204193
1150	252.000000	690.003237	204201
1152	256.000000	689.521233	208040
1154	260.000000	689.028824	206712
1156	264.000000	688.522139	206731
1158	268.000000	688.019711	205198
1160	272.000000	687.507225	203952
1162	276.000000	686.986471	203293
1164	280.000000	686.456850	204199
1166	284.000000	685.924402	205361
1168	288.000000	685.380173	204420
1170	292.000000	684.827377	205494
1172	296.000000	684.270203	204248
1174	300.000000	683.704815	203460
1176	304.000000	683.131727	204409
1178	308.000000	682.551168	204687
1180	312.000000	681.963194	206071
1182	316.000000	681.366140	204695
1184	320.000000	680.771626	203176
1186	324.000000	680.166426	202195
1188	328.000000	679.552755	203837
1190	332.000000	678.933445	202478
1192	336.000000	678.308472	202022
1194	340.000000	677.672560	200189
1196	344.000000	677.026817	199928
1198	348.000000	676.377653	201565
1200	352.000000	675.719978	199748
1202	356.000000	675.060551	198182
1204	360.000000	674.390858	198020
1206	364.000000	673.712273	196730
1208	368.000000	673.034515	195752
1210	372.000000	672.350790	193209
1212	376.000000	671.656137	193107
1214	380.000000	670.951025	193039
1216	384.000000	670.242250	192989
1218	388.000000	669.525156	195249
1220	392.000000	668.801119	195869
1222	396.000000	668.069216	195151
1224	400.000000	667.335884	194456
1226	404.000000	666.596872	192757
1228	408.000000	665.845068	191681
1230	412.000000	665.091812	190810
1232	416.000000	664.333830	191593
1234	420.000000	663.562582	191935
1236	424.000000	662.784065	192656
1238	428.000000	662.001356	193373
1240	432.000000	661.217642	193397
1242	436.000000	660.424549	193986
1244	440.000000	659.633474	191041
1246	444.000000	658.826143	190695
1248	448.000000	658.012648	191205
1250	452.000000	657.189541	193010
1252	456.000000	656.364027	193123
1254	460.000000	655.528950	193064
1256	464.000000	654.696325	191899
1258	468.000000	653.847603	192446
1260	472.000000	652.992439	192282
1262	476.000000	652.144714	191698
1264	480.000000	651.277973	193462
1266	484.000000	650.405018	191320
1268	488.000000	649.525339	190591
1270	492.000000	648.644350	189197
1272	496.000000	647.756374	191182
1274	500.000000	646.862194	189386
1276	504.000000	645.967836	189205
1278	508.000000	645.061512	187894
1280	512.000000	644.143593	188932
1282	516.000000	643.226385	186363
1284	520.000000	642.304945	185505
1286	524.000000	641.378164	184143
1288	528.000000	640.439465	186260
1290	532.000000	639.495832	186599
1292	536.000000	638.544954	186423
1294	540.000000	637.588181	186890
1296	544.000000	636.632887	188033
1298	548.000000	635.670786	188857
1300	552.000000	634.695889	188974
1302	556.000000	633.720181	189024
1304	560.000000	632.733635	188564
1306	564.000000	631.744808	186744
1308	568.000000	630.749592	188514
1310	572.000000	629.740557	188197
1312	576.000000	628.733032	185842
1314	580.000000	627.715334	183701
1316	584.000000	626.701361	187965
1318	588.000000	625.679855	186450
1320	592.000000	624.653397	185170
1322	596.000000	623.620054	185209
1324	600.000000	622.582296	187505
1326	604.000000	621.543657	188973
1328	608.000000	620.488024	190217
1330	612.000000	619.438667	189302
1332	616.000000	618.369383	189729
1334	620.000000	617.296535	189488
1336	624.000000	616.224604	187593
1338	628.000000	615.145636	188991
1340	632.000000	614.057207	189089
1342	636.000000	612.965334	189355
1344	640.000000	611.863495	188684
1346	644.000000	610.762342	186241
1348	648.000000	609.653650	184611
1350	652.000000	608.548666	184751
1352	656.000000	607.434286	184355
1354	660.000000	606.305540	186919
1356	664.000000	605.186567	186599
1358	668.000000	604.061178	187165
1360	672.000000	602.932484	186818
1362	676.000000	601.792984	186780
1364	680.000000	600.651762	185833
1366	684.000000	599.502050	186395
1368	688.000000	598.340715	183623
1370	692.000000	597.179329	185802
1372	696.000000	596.004965	186223
1374	700.000000	594.827131	187507
1376	704.000000	593.647621	185702
1378	708.000000	592.463995	186559
1380	712.000000	591.280577	187351
1382	716.000000	590.096794	190424
1384	720.000000	588.898962	190379
1386	724.000000	587.688749	191115
1388	728.000000	586.481007	190774
1390	732.000000	585.268728	188913
1392	736.000000	584.053835	190997
1394	740.000000	582.836840	192527
1396	744.000000	581.608360	194128
1398	748.000000	580.376440	191471
1400	752.000000	579.131664	190722
1402	756.000000	577.893219	187584
1404	760.000000	576.649992	186979
1406	764.000000	575.412390	186651
1408	768.000000	574.156231	185948
1410	772.000000	572.893658	186736
1412	776.000000	571.616343	184585
1414	780.000000	570.347500	185176
1416	784.000000	569.081318	184874
1418	788.000000	567.798677	186957
1420	792.000000	566.522566	187611
1422	796.000000	565.235590	186863
1424	800.000000	563.937799	188541
1426	804.000000	562.637915	191419
1428	808.000000	561.345774	193245
1430	812.000000	560.042887	194475
1432	816.000000	558.729216	195959
1434	820.000000	557.412317	196761
1436	824.000000	556.089325	195300
1438	828.000000	554.769241	196872
1440	832.000000	553.437906	196883
1442	836.000000	552.108126	195871
1444	840.000000	550.774582	193450
1446	844.000000	549.427956	192686
1448	848.000000	548.077610	192012
1450	852.000000	546.729328	193510
1452	856.000000	545.381441	195027
1454	860.000000	544.019823	196107
1456	864.000000	542.654297	193004
1458	868.000000	541.285921	193149
1460	872.000000	539.912971	191050
1462	876.000000	538.534611	189868
1464	880.000000	537.156795	188244
1466	884.000000	535.769999	191065
1468	888.000000	534.392712	188804
1470	892.000000	532.997021	190362
1472	896.000000	531.599623	190589
1474	900.000000	530.203510	191372
1476	904.000000	528.804447	193422
1478	908.000000	527.392990	195272
1480	912.000000	525.979551	192619
1482	916.000000	524.565794	192231
1484	920.000000	523.154291	194089
1486	924.000000	521.733234	192364
1488	928.000000	520.306931	194702
1490	932.000000	518.870861	194616
1492	936.000000	517.433111	195731
1494	940.000000	515.994066	193845
1496	944.000000	514.553637	194157
1498	948.000000	513.114988	191907
1500	952.000000	511.656519	191795
1502	956.000000	510.206652	191453
1504	960.000000	508.746552	191330
1506	964.000000	507.293236	193678
1508	968.000000	505.824961	194715
1510	972.000000	504.356045	194134
1512	976.000000	502.880428	192268
1514	980.000000	501.407501	192132
1516	984.000000	499.931515	192276
1518	988.000000	498.445505	192529
1520	992.000000	496.958607	191742
1522	996.000000	495.467024	190613
1524	1000.000000	493.975311	192852
1526	1004.000000	492.480089	194969
1528	1008.000000	490.989191	195621
1530	1012.000000	489.491013	196464
1532	1016.000000	487.983562	194208
1534	1020.000000	486.465881	196038
1536	1024.000000	484.950768	190508
1538	1028.000000	483.434977	191043
1540	1032.000000	481.912287	191413
1542	1036.000000	480.383896	194458
1544	1040.000000	478.871937	193500
1546	1044.000000	477.334410	193733
1548	1048.000000	475.807711	196231
1550	1052.000000	474.268147	201408
1552	1056.000000	472.734106	202239
1554	1060.000000	471.187279	200362
1556	1064.000000	469.642111	202953
1558	1068.000000	468.075386	202156
1560	1072.000000	466.522615	203645
1562	1076.000000	464.958874	206618
1564	1080.000000	463.402721	205994
1566	1084.000000	461.840778	202838
1568	1088.000000	460.280848	205059
1570	1092.000000	458.708395	206661
1572	1096.000000	457.133266	201870
1574	1100.000000	455.565428	203431
1576	1104.000000	453.991682	203819
1578	1108.000000	452.400320	206777
1580	1112.000000	450.823959	212622
1582	1116.000000	449.233377	208299
1584	1120.000000	447.642361	208872
1586	1124.000000	446.047825	208228
1588	1128.000000	444.452673	206833
1590	1132.000000	442.851791	208620
1592	1136.000000	441.251110	211726
1594	1140.000000	439.649115	210823
1596	1144.000000	438.034372	212793
1598	1148.000000	436.428543	215602
1600	1152.000000	434.808971	210962
1602	1156.000000	433.193466	212650
1604	1160.000000	431.564838	211482
1606	1164.000000	429.943201	209289
1608	1168.000000	428.309612	210400
1610	1172.000000	426.671810	210870
1612	1176.000000	425.029535	210621
1614	1180.000000	423.404013	212661
1616	1184.000000	421.766903	213900
1618	1188.000000	420.122437	212868
1620	1192.000000	418.490894	210978
1622	1196.000000	416.851521	212160
1624	1200.000000	415.203091	213216
1626	1204.000000	413.565994	208974
1628	1208.000000	411.913637	208251
1630	1212.000000	410.257082	208503
1632	1216.000000	408.606001	209567
1634	1220.000000	406.951382	210182
1636	1224.000000	405.297058	206850
1638	1228.000000	403.633101	209693
1640	1232.000000	401.972250	209303
1642	1236.000000	400.298721	207094
1644	1240.000000	398.632561	207124
1646	1244.000000	396.955534	207159
1648	1248.000000	395.289062	208220
1650	1252.000000	393.600479	206118
1652	1256.000000	391.927608	205008
1654	1260.000000	390.241905	205210
1656	1264.000000	388.556059	206935
1658	1268.000000	386.872442	206857
1660	1272.000000	385.177179	201567
1662	1276.000000	383.498928	202964
1664	1280.000000	381.810177	207852
1666	1284.000000	380.110710	204022
1668	1288.000000	378.414965	202567
1670	1292.000000	376.721319	202883
1672	1296.000000	375.015627	201037
1674	1300.000000	373.325399	200755
1676	1304.000000	371.625473	197986
1678	1308.000000	369.914560	198265
1680	1312.000000	368.208626	194670
1682	1316.000000	366.504139	194124
1684	1320.000000	364.804174	193553
1686	1324.000000	363.099274	195746
1688	1328.000000	361.385397	193249
1690	1332.000000	359.674934	190566
1692	1336.000000	357.955059	186712
1694	1340.000000	356.245548	187212
1696	1344.000000	354.524847	187191
1698	1348.000000	352.811483	184883
1700	1352.000000	351.092289	185400
1702	1356.000000	349.363781	186526
1704	1360.000000	347.634081	186411
1706	1364.000000	345.904325	182721
1708	1368.000000	344.181946	183868
1710	1372.000000	342.453060	180534
1712	1376.000000	340.722401	182078
1714	1380.000000	338.990017	177912
1716	1384.000000	337.262136	178587
1718	1388.000000	335.536041	176694
1720	1392.000000	333.809729	177007
1722	1396.000000	332.071396	179596
1724	1400.000000	330.332834	181851
1726	1404.000000	328.603516	179602
1728	1408.000000	326.863543	180005
1730	1412.000000	325.127209	179186
1732	1416.000000	323.393679	179941
1734	1420.000000	321.647364	181665
1736	1424.000000	319.914261	185424
1738	1428.000000	318.168606	185698
1740	1432.000000	316.430714	184912
1742	1436.000000	314.669651	186032
1744	1440.000000	312.930513	187537
1746	1444.000000	311.181398	184801
1748	1448.000000	309.438080	182410
1750	1452.000000	307.687860	178665
1752	1456.000000	305.932423	180220
1754	1460.000000	304.183538	181877
1756	1464.000000	302.437269	179263
1758	1468.000000	300.673532	181729
1760	1472.000000	298.914902	182142
1762	1476.000000	297.156504	181067
1764	1480.000000	295.385788	180572
1766	1484.000000	293.626995	179896
1768	1488.000000	291.862165	179425
1770	1492.000000	290.105461	177286
1772	1496.000000	288.325701	175721
1774	1500.000000	286.565685	179242
1776	1504.000000	284.787556	178400
1778	1508.000000	283.023884	176904
1780	1512.000000	281.250273	175069
1782	1516.000000	279.485693	173441
1784	1520.000000	277.697683	175269
1786	1524.000000	275.922825	173844
1788	1528.000000	274.148746	176298
1790	1532.000000	272.368628	174409
1792	1536.000000	270.598145	175966
1794	1540.000000	268.809063	178320
1796	1544.000000	267.020601	174857
1798	1548.000000	265.231508	171645
1800	1552.000000	263.430975	175793
1802	1556.000000	261.647930	174282
1804	1560.000000	259.851797	171285
1806	1564.000000	258.068008	172612
1808	1568.000000	256.262609	176961
1810	1572.000000	254.472380	180017
1812	1576.000000	252.668804	182536
1814	1580.000000	250.875908	178234
1816	1584.000000	249.060923	180141
1818	1588.000000	247.255976	178375
1820	1592.000000	245.433269	180768
1822	1596.000000	243.611698	183886
1824	1600.000000	241.794329	182043
1826	1604.000000	239.982237	183535
1828	1608.000000	238.143888	180267
1830	1612.000000	236.320028	181215
1832	1616.000000	234.491665	180208
1834	1620.000000	232.655180	181035
1836	1624.000000	230.833296	183443
1838	1628.000000	228.992846	181591
1840	1632.000000	227.141983	182774
1842	1636.000000	225.294384	185230
1844	1640.000000	223.455475	181252
1846	1644.000000	221.600235	185416
1848	1648.000000	219.737440	188201
1850	1652.000000	217.879162	191402
1852	1656.000000	216.017052	190620
1854	1660.000000	214.156492	186787
1856	1664.000000	212.294584	191205
1858	1668.000000	210.430950	189824
1860	1672.000000	208.551977	190093
1862	1676.000000	206.684753	190478
1864	1680.000000	204.795366	190809
1866	1684.000000	202.911589	188003
1868	1688.000000	201.025681	192192
1870	1692.000000	199.127998	191750
1872	1696.000000	197.243347	188984
1874	1700.000000	195.343899	188362
1876	1704.000000	193.440796	186918
1878	1708.000000	191.555092	188746
1880	1712.000000	189.652281	185839
1882	1716.000000	187.738396	191400
1884	1720.000000	185.820259	187480
1886	1724.000000	183.910326	188157
1888	1728.000000	181.992990	184225
1890	1732.000000	180.056087	181548
1892	1736.000000	178.126577	188979
1894	1740.000000	176.194574	190543
1896	1744.000000	174.261696	188006
1898	1748.000000	172.323950	188029
1900	1752.000000	170.380880	180905
1902	1756.000000	168.425220	186758
1904	1760.000000	166.494093	181793
1906	1764.000000	164.529919	186286
1908	1768.000000	162.569136	184745
1910	1772.000000	160.603029	187523
1912	1776.000000	158.622890	189658
1914	1780.000000	156.645081	189512
1916	1784.000000	154.674662	192509
1918	1788.000000	152.693403	190903
1920	1792.000000	150.709600	194123
1922	1796.000000	148.702709	194878
1924	1800.000000	146.702162	196481
1926	1804.000000	144.692049	195249
1928	1808.000000	142.701143	186601
1930	1812.000000	140.665878	188692
1932	1816.000000	138.639647	190221
1934	1820.000000	136.599293	189154
1936	1824.000000	134.559546	190881
1938	1828.000000	132.523560	190216
1940	1832.000000	130.474180	186941
1942	1836.000000	128.426285	180754
1944	1840.000000	126.370775	181295
1946	1844.000000	124.298429	178677
1948	1848.000000	122.217850	176678
1950	1852.000000	120.121845	176478
1952	1856.000000	118.026382	177694
1954	1860.000000	115.909912	180872
1956	1864.000000	113.798233	172574
1958	1868.000000	111.687912	174398
1960	1872.000000	109.540840	174748
1962	1876.000000	107.417608	174549
1964	1880.000000	105.269979	174091
1966	1884.000000	103.128290	174677
1968	1888.000000	100.956326	179302
1970	1892.000000	98.806967	174631
1972	1896.000000	96.605350	178860
1974	1900.000000	94.433531	178983
1976	1904.000000	92.245726	177475
1978	1908.000000	90.029356	178243
1980	1912.000000	87.806004	177762
1982	1916.000000	85.563011	174400
1984	1920.000000	83.293905	178795
1986	1924.000000	81.052122	179889
1988	1928.000000	78.755737	171528
1990	1932.000000	76.475384	177364
1992	1936.000000	74.184721	175303
1994	1940.000000	71.877617	182442
1996	1944.000000	69.571119	179831
1998	1948.000000	67.223463	183195
2000	1952.000000	64.885233	178123
2002	1956.000000	62.501348	187227
2004	1960.000000	60.130508	185924
2006	1964.000000	57.686220	192319
2008	1968.000000	55.286112	193715
2010	1972.000000	52.818468	200161
2012	1976.000000	50.427345	194756
2014	1980.000000	47.866732	206777
2016	1984.000000	45.461021	193012
2018	1988.000000	42.775600	200094
2020	1992.000000	40.424055	195439
2022	1996.000000	37.576134	208412
2024	2000.000000	35.276217	188587
2026	2004.000000	32.173538	193082
2028	2008.000000	30.004311	198112
2030	2012.000000	26.580904	204223
2032	2016.000000	24.598082	201453
2034	2020.000000	20.799015	189612
2036	2024.000000	19.005291	200544
2038	2028.000000	14.597290	204246
2040	2032.000000	13.207874	183498
2042	2036.000000	7.688824	203962
2044	2040.000000	7.033075	210169
2048	2048.000000	0.153963	230651
