i	E(i)	g[i]	hist[i]
0	-4608.000000	0.000000	1373854
4	-4600.000000	7.608511	1395318
6	-4596.000000	8.331483	1398317
8	-4592.000000	14.576592	1337337
10	-4588.000000	15.945680	1304665
12	-4584.000000	21.178675	1358774
14	-4580.000000	22.957501	1312958
16	-4576.000000	27.551807	1362412
18	-4572.000000	29.605250	1392129
20	-4568.000000	33.700415	1410407
22	-4564.000000	35.926697	1400069
24	-4560.000000	39.695023	1445375
26	-4556.000000	42.087833	1434540
28	-4552.000000	45.548966	1426563
30	-4548.000000	48.058938	1454985
32	-4544.000000	51.324898	1437429
34	-4540.000000	53.908598	1480613
36	-4536.000000	57.010121	1468664
38	-4532.000000	59.621328	1469602
40	-4528.000000	62.590616	1475056
42	-4524.000000	65.232337	1431477
44	-4520.000000	68.100782	1433228
46	-4516.000000	70.753151	1408053
48	-4512.000000	73.554663	1456011
50	-4508.000000	76.198562	1436374
52	-4504.000000	78.922125	1469934
54	-4500.000000	81.559595	1470544
56	-4496.000000	84.242741	1468909
58	-4492.000000	86.861241	1485068
60	-4488.000000	89.502743	1459832
62	-4484.000000	92.114573	1476777
64	-4480.000000	94.726822	1454856
66	-4476.000000	97.288157	1468566
68	-4472.000000	99.888537	1443856
70	-4468.000000	102.438879	1449008
72	-4464.000000	105.003915	1416312
74	-4460.000000	107.518587	1443570
76	-4456.000000	110.057498	1435657
78	-4452.000000	112.565745	1431051
80	-4448.000000	115.070451	1421665
82	-4444.000000	117.561212	1458467
84	-4440.000000	120.040769	1451859
86	-4436.000000	122.509729	1467896
88	-4432.000000	124.975146	1457211
90	-4428.000000	127.423705	1440100
92	-4424.000000	129.875064	1452156
94	-4420.000000	132.310506	1461552
96	-4416.000000	134.735459	1454535
98	-4412.000000	137.157477	1433739
100	-4408.000000	139.563832	1460222
102	-4404.000000	141.968998	1446508
104	-4400.000000	144.367219	1448546
106	-4396.000000	146.754065	1447561
108	-4392.000000	149.140610	1440823
110	-4388.000000	151.512731	1462183
112	-4384.000000	153.873628	1449008
114	-4380.000000	156.235531	1458627
116	-4376.000000	158.586061	1442849
118	-4372.000000	160.927268	1448002
120	-4368.000000	163.259740	1457366
122	-4364.000000	165.584461	1436594
124	-4360.000000	167.913124	1436362
126	-4356.000000	170.226527	1433950
128	-4352.000000	172.536875	1463244
130	-4348.000000	174.839713	1436802
132	-4344.000000	177.138417	1440051
134	-4340.000000	179.432896	1447390
136	-4336.000000	181.716610	1437574
138	-4332.000000	183.989873	1451151
140	-4328.000000	186.266799	1434640
142	-4324.000000	188.539629	1440222
144	-4320.000000	190.799297	1433078
146	-4316.000000	193.051950	1436956
148	-4312.000000	195.307905	1421920
150	-4308.000000	197.546070	1436319
152	-4304.000000	199.792638	1421827
154	-4300.000000	202.028584	1426819
156	-4296.000000	204.263020	1425270
158	-4292.000000	206.490260	1433180
160	-4288.000000	208.715563	1426274
162	-4284.000000	210.932880	1430713
164	-4280.000000	213.141866	1416156
166	-4276.000000	215.348371	1438476
168	-4272.000000	217.548352	1435352
170	-4268.000000	219.741993	1437849
172	-4264.000000	221.936170	1416648
174	-4260.000000	224.127446	1429504
176	-4256.000000	226.316587	1415442
178	-4252.000000	228.499746	1442434
180	-4248.000000	230.671318	1442080
182	-4244.000000	232.846368	1440681
184	-4240.000000	235.004723	1440471
186	-4236.000000	237.170084	1446315
188	-4232.000000	239.330707	1427773
190	-4228.000000	241.491023	1436585
192	-4224.000000	243.641959	1424484
194	-4220.000000	245.785730	1436829
196	-4216.000000	247.929743	1428471
198	-4212.000000	250.072373	1422913
200	-4208.000000	252.205202	1433001
202	-4204.000000	254.341768	1430025
204	-4200.000000	256.468979	1424917
206	-4196.000000	258.591554	1421328
208	-4192.000000	260.711490	1418472
210	-4188.000000	262.830698	1419831
212	-4184.000000	264.936291	1418376
214	-4180.000000	267.054070	1429241
216	-4176.000000	269.154666	1426383
218	-4172.000000	271.256836	1444499
220	-4168.000000	273.353822	1428619
222	-4164.000000	275.458357	1417688
224	-4160.000000	277.543930	1430579
226	-4156.000000	279.631498	1446501
228	-4152.000000	281.721765	1443835
230	-4148.000000	283.807747	1454146
232	-4144.000000	285.881925	1469314
234	-4140.000000	287.956563	1461213
236	-4136.000000	290.030083	1465571
238	-4132.000000	292.100916	1463408
240	-4128.000000	294.168391	1459408
242	-4124.000000	296.231875	1454668
244	-4120.000000	298.297515	1463244
246	-4116.000000	300.356004	1462843
248	-4112.000000	302.412538	1453860
250	-4108.000000	304.463054	1464172
252	-4104.000000	306.514761	1454392
254	-4100.000000	308.555486	1470432
256	-4096.000000	310.596994	1454319
258	-4092.000000	312.637991	1475728
260	-4088.000000	314.672901	1473207
262	-4084.000000	316.709827	1479143
264	-4080.000000	318.742973	1499476
266	-4076.000000	320.772334	1494097
268	-4072.000000	322.798995	1508870
270	-4068.000000	324.814644	1512616
272	-4064.000000	326.836693	1524958
274	-4060.000000	328.855402	1521096
276	-4056.000000	330.878331	1523520
278	-4052.000000	332.889682	1526046
280	-4048.000000	334.906052	1502684
282	-4044.000000	336.911450	1516171
284	-4040.000000	338.913483	1508979
286	-4036.000000	340.921985	1517394
288	-4032.000000	342.924261	1499758
290	-4028.000000	344.926247	1525502
292	-4024.000000	346.919673	1513803
294	-4020.000000	348.919072	1521298
296	-4016.000000	350.908411	1533884
298	-4012.000000	352.899595	1523881
300	-4008.000000	354.885641	1539386
302	-4004.000000	356.870147	1553682
304	-4000.000000	358.855450	1532659
306	-3996.000000	360.833559	1545299
308	-3992.000000	362.814568	1551184
310	-3988.000000	364.789874	1571135
312	-3984.000000	366.765254	1566961
314	-3980.000000	368.734251	1588309
316	-3976.000000	370.708626	1585059
318	-3972.000000	372.676713	1591187
320	-3968.000000	374.638476	1590945
322	-3964.000000	376.599829	1596968
324	-3960.000000	378.555927	1604828
326	-3956.000000	380.515620	1579633
328	-3952.000000	382.473398	1605936
330	-3948.000000	384.426502	1604131
332	-3944.000000	386.377893	1616964
334	-3940.000000	388.327908	1605259
336	-3936.000000	390.278404	1626744
338	-3932.000000	392.221242	1634370
340	-3928.000000	394.171509	1624938
342	-3924.000000	396.113849	1627657
344	-3920.000000	398.054523	1638508
346	-3916.000000	399.999357	1629517
348	-3912.000000	401.933317	1638794
350	-3908.000000	403.867961	1632859
352	-3904.000000	405.801565	1643417
354	-3900.000000	407.735580	1646546
356	-3896.000000	409.662411	1651362
358	-3892.000000	411.590678	1641247
360	-3888.000000	413.515387	1641428
362	-3884.000000	415.438121	1641125
364	-3880.000000	417.362238	1653416
366	-3876.000000	419.283681	1651601
368	-3872.000000	421.202352	1646005
370	-3868.000000	423.119063	1646676
372	-3864.000000	425.034843	1642436
374	-3860.000000	426.950174	1656227
376	-3856.000000	428.859949	1647119
378	-3852.000000	430.775002	1647375
380	-3848.000000	432.681418	1640346
382	-3844.000000	434.587719	1636204
384	-3840.000000	436.497620	1634216
386	-3836.000000	438.402286	1633664
388	-3832.000000	440.303141	1631854
390	-3828.000000	442.204641	1639999
392	-3824.000000	444.103470	1641694
394	-3820.000000	446.004468	1639836
396	-3816.000000	447.900957	1645083
398	-3812.000000	449.797676	1630772
400	-3808.000000	451.688703	1641213
402	-3804.000000	453.578773	1641408
404	-3800.000000	455.470333	1635994
406	-3796.000000	457.359769	1647110
408	-3792.000000	459.245344	1629662
410	-3788.000000	461.129532	1649768
412	-3784.000000	463.018497	1630980
414	-3780.000000	464.902356	1625110
416	-3776.000000	466.780733	1626306
418	-3772.000000	468.660577	1607003
420	-3768.000000	470.539228	1622516
422	-3764.000000	472.417877	1621159
424	-3760.000000	474.291818	1614629
426	-3756.000000	476.163464	1612828
428	-3752.000000	478.037600	1601395
430	-3748.000000	479.905995	1614155
432	-3744.000000	481.774251	1606531
434	-3740.000000	483.638901	1610732
436	-3736.000000	485.506285	1617917
438	-3732.000000	487.371112	1620242
440	-3728.000000	489.234905	1624947
442	-3724.000000	491.098745	1621735
444	-3720.000000	492.956414	1638879
446	-3716.000000	494.814301	1630199
448	-3712.000000	496.672040	1644311
450	-3708.000000	498.528105	1632240
452	-3704.000000	500.384358	1637473
454	-3700.000000	502.234594	1648723
456	-3696.000000	504.088846	1643265
458	-3692.000000	505.940399	1652850
460	-3688.000000	507.792537	1645476
462	-3684.000000	509.641391	1648963
464	-3680.000000	511.492556	1634013
466	-3676.000000	513.334465	1640844
468	-3672.000000	515.183316	1633206
470	-3668.000000	517.033533	1651723
472	-3664.000000	518.873632	1641458
474	-3660.000000	520.710523	1634109
476	-3656.000000	522.550921	1638123
478	-3652.000000	524.391761	1630682
480	-3648.000000	526.227388	1633180
482	-3644.000000	528.062409	1631717
484	-3640.000000	529.899541	1628451
486	-3636.000000	531.734399	1622310
488	-3632.000000	533.566329	1614855
490	-3628.000000	535.395621	1605944
492	-3624.000000	537.226928	1608152
494	-3620.000000	539.054690	1606297
496	-3616.000000	540.886991	1606188
498	-3612.000000	542.714591	1601247
500	-3608.000000	544.541590	1586718
502	-3604.000000	546.372884	1575597
504	-3600.000000	548.194767	1589381
506	-3596.000000	550.021906	1584515
508	-3592.000000	551.840810	1577372
510	-3588.000000	553.659699	1586787
512	-3584.000000	555.478863	1584260
514	-3580.000000	557.301119	1582755
516	-3576.000000	559.121663	1577940
518	-3572.000000	560.940176	1583221
520	-3568.000000	562.755039	1581443
522	-3564.000000	564.572119	1582766
524	-3560.000000	566.383229	1578902
526	-3556.000000	568.199893	1566638
528	-3552.000000	570.012890	1569363
530	-3548.000000	571.825841	1558408
532	-3544.000000	573.635893	1561698
534	-3540.000000	575.443227	1545394
536	-3536.000000	577.253606	1563075
538	-3532.000000	579.058002	1549919
540	-3528.000000	580.866857	1543369
542	-3524.000000	582.670222	1537020
544	-3520.000000	584.473577	1538518
546	-3516.000000	586.273471	1544537
548	-3512.000000	588.071754	1533496
550	-3508.000000	589.873915	1537491
552	-3504.000000	591.673825	1532385
554	-3500.000000	593.473669	1534916
556	-3496.000000	595.272915	1533256
558	-3492.000000	597.067647	1537186
560	-3488.000000	598.868100	1525516
562	-3484.000000	600.661280	1538290
564	-3480.000000	602.459060	1521233
566	-3476.000000	604.253953	1532307
568	-3472.000000	606.049103	1528646
570	-3468.000000	607.841916	1545088
572	-3464.000000	609.634864	1541219
574	-3460.000000	611.424189	1545780
576	-3456.000000	613.212325	1535399
578	-3452.000000	615.001643	1531903
580	-3448.000000	616.787445	1532780
582	-3444.000000	618.577141	1519182
584	-3440.000000	620.364837	1508790
586	-3436.000000	622.146544	1506349
588	-3432.000000	623.934564	1494477
590	-3428.000000	625.718588	1498893
592	-3424.000000	627.502794	1503586
594	-3420.000000	629.285740	1497499
596	-3416.000000	631.066883	1479483
598	-3412.000000	632.849033	1478489
600	-3408.000000	634.628540	1485760
602	-3404.000000	636.413515	1463751
604	-3400.000000	638.189361	1475995
606	-3396.000000	639.969858	1465049
608	-3392.000000	641.745768	1457602
610	-3388.000000	643.523407	1456604
612	-3384.000000	645.303609	1448848
614	-3380.000000	647.078448	1442223
616	-3376.000000	648.853314	1457888
618	-3372.000000	650.628013	1453039
620	-3368.000000	652.398848	1433685
622	-3364.000000	654.174204	1433695
624	-3360.000000	655.945155	1424233
626	-3356.000000	657.717020	1433366
628	-3352.000000	659.487039	1431992
630	-3348.000000	661.253554	1414814
632	-3344.000000	663.022983	1413251
634	-3340.000000	664.796371	1395881
636	-3336.000000	666.564936	1396420
638	-3332.000000	668.331886	1384799
640	-3328.000000	670.100137	1380164
642	-3324.000000	671.866978	1377279
644	-3320.000000	673.633204	1375568
646	-3316.000000	675.398781	1356863
648	-3312.000000	677.161595	1356528
650	-3308.000000	678.925201	1352001
652	-3304.000000	680.688865	1342331
654	-3300.000000	682.452900	1344586
656	-3296.000000	684.216614	1328310
658	-3292.000000	685.981264	1322106
660	-3288.000000	687.739993	1319459
662	-3284.000000	689.497393	1313208
664	-3280.000000	691.259831	1304877
666	-3276.000000	693.013410	1308679
668	-3272.000000	694.775390	1303027
670	-3268.000000	696.533539	1295416
672	-3264.000000	698.292767	1295646
674	-3260.000000	700.051134	1290321
676	-3256.000000	701.806449	1287889
678	-3252.000000	703.564789	1281068
680	-3248.000000	705.318744	1286605
682	-3244.000000	707.072473	1292527
684	-3240.000000	708.828672	1276095
686	-3236.000000	710.583365	1268389
688	-3232.000000	712.336762	1262972
690	-3228.000000	714.093025	1264007
692	-3224.000000	715.845796	1261724
694	-3220.000000	717.596972	1260032
696	-3216.000000	719.348512	1247116
698	-3212.000000	721.101581	1247258
700	-3208.000000	722.849552	1247938
702	-3204.000000	724.597340	1244925
704	-3200.000000	726.344523	1246699
706	-3196.000000	728.093970	1238736
708	-3192.000000	729.840322	1238208
710	-3188.000000	731.590042	1232609
712	-3184.000000	733.334327	1241528
714	-3180.000000	735.084314	1234177
716	-3176.000000	736.827854	1234206
718	-3172.000000	738.573530	1229951
720	-3168.000000	740.317156	1232095
722	-3164.000000	742.059290	1229756
724	-3160.000000	743.803454	1226786
726	-3156.000000	745.546470	1222585
728	-3152.000000	747.286217	1223491
730	-3148.000000	749.026208	1223709
732	-3144.000000	750.770331	1212007
734	-3140.000000	752.513736	1230029
736	-3136.000000	754.255124	1232844
738	-3132.000000	755.997634	1242101
740	-3128.000000	757.738453	1234717
742	-3124.000000	759.479207	1244394
744	-3120.000000	761.221394	1241582
746	-3116.000000	762.959248	1250277
748	-3112.000000	764.697616	1250319
750	-3108.000000	766.435515	1254017
752	-3104.000000	768.171740	1247532
754	-3100.000000	769.909338	1258560
756	-3096.000000	771.640931	1249277
758	-3092.000000	773.376962	1242544
760	-3088.000000	775.109392	1241022
762	-3084.000000	776.843690	1242453
764	-3080.000000	778.577062	1239727
766	-3076.000000	780.309280	1243197
768	-3072.000000	782.041091	1245364
770	-3068.000000	783.772765	1245364
772	-3064.000000	785.503686	1246652
774	-3060.000000	787.232556	1240369
776	-3056.000000	788.961708	1248848
778	-3052.000000	790.693029	1240074
780	-3048.000000	792.422924	1234545
782	-3044.000000	794.151152	1237945
784	-3040.000000	795.880286	1237090
786	-3036.000000	797.608286	1240492
788	-3032.000000	799.334549	1237870
790	-3028.000000	801.059663	1237732
792	-3024.000000	802.783915	1235779
794	-3020.000000	804.510566	1227280
796	-3016.000000	806.232693	1230464
798	-3012.000000	807.955655	1227455
800	-3008.000000	809.676602	1231324
802	-3004.000000	811.400782	1235056
804	-3000.000000	813.114069	1245086
806	-2996.000000	814.836599	1240695
808	-2992.000000	816.556400	1244504
810	-2988.000000	818.275998	1250009
812	-2984.000000	819.989791	1262975
814	-2980.000000	821.708107	1268852
816	-2976.000000	823.424205	1271522
818	-2972.000000	825.137442	1266822
820	-2968.000000	826.849384	1270624
822	-2964.000000	828.562986	1273687
824	-2960.000000	830.272722	1274006
826	-2956.000000	831.985076	1281934
828	-2952.000000	833.694306	1284058
830	-2948.000000	835.405988	1292524
832	-2944.000000	837.115836	1290542
834	-2940.000000	838.825444	1289519
836	-2936.000000	840.529847	1291846
838	-2932.000000	842.233249	1292165
840	-2928.000000	843.938663	1303211
842	-2924.000000	845.642551	1302669
844	-2920.000000	847.347504	1302471
846	-2916.000000	849.050176	1310186
848	-2912.000000	850.755424	1298719
850	-2908.000000	852.458552	1301287
852	-2904.000000	854.160674	1306567
854	-2900.000000	855.861617	1306382
856	-2896.000000	857.564542	1309011
858	-2892.000000	859.262785	1316057
860	-2888.000000	860.957839	1310017
862	-2884.000000	862.655479	1310673
864	-2880.000000	864.351317	1311043
866	-2876.000000	866.045244	1318084
868	-2872.000000	867.738038	1316283
870	-2868.000000	869.431104	1323043
872	-2864.000000	871.120891	1323739
874	-2860.000000	872.809372	1323780
876	-2856.000000	874.498552	1326184
878	-2852.000000	876.187627	1322795
880	-2848.000000	877.874557	1337869
882	-2844.000000	879.565223	1332208
884	-2840.000000	881.249124	1343084
886	-2836.000000	882.930688	1338579
888	-2832.000000	884.613605	1340828
890	-2828.000000	886.294025	1348976
892	-2824.000000	887.971413	1342221
894	-2820.000000	889.650853	1348669
896	-2816.000000	891.327262	1351718
898	-2812.000000	893.007792	1342686
900	-2808.000000	894.686281	1347603
902	-2804.000000	896.361616	1352801
904	-2800.000000	898.035505	1356722
906	-2796.000000	899.710608	1348799
908	-2792.000000	901.384252	1350286
910	-2788.000000	903.057351	1352875
912	-2784.000000	904.729608	1352335
914	-2780.000000	906.401080	1356984
916	-2776.000000	908.069979	1353342
918	-2772.000000	909.740234	1355863
920	-2768.000000	911.405343	1367789
922	-2764.000000	913.073560	1357158
924	-2760.000000	914.735817	1360375
926	-2756.000000	916.400459	1361478
928	-2752.000000	918.060673	1365107
930	-2748.000000	919.720240	1365779
932	-2744.000000	921.380441	1364688
934	-2740.000000	923.039455	1361818
936	-2736.000000	924.700065	1361874
938	-2732.000000	926.354406	1355312
940	-2728.000000	928.010136	1362092
942	-2724.000000	929.663064	1357815
944	-2720.000000	931.313950	1360739
946	-2716.000000	932.971978	1361383
948	-2712.000000	934.621262	1375384
950	-2708.000000	936.272592	1378918
952	-2704.000000	937.921705	1374468
954	-2700.000000	939.569330	1369245
956	-2696.000000	941.212469	1371592
958	-2692.000000	942.856832	1367060
960	-2688.000000	944.500515	1376200
962	-2684.000000	946.142673	1384763
964	-2680.000000	947.784174	1393841
966	-2676.000000	949.422462	1393857
968	-2672.000000	951.059654	1392978
970	-2668.000000	952.699748	1398980
972	-2664.000000	954.335744	1398466
974	-2660.000000	955.969463	1404182
976	-2656.000000	957.606840	1409258
978	-2652.000000	959.241023	1423272
980	-2648.000000	960.874012	1416195
982	-2644.000000	962.507051	1409275
984	-2640.000000	964.140505	1396489
986	-2636.000000	965.770029	1402557
988	-2632.000000	967.401613	1405782
990	-2628.000000	969.023786	1408618
992	-2624.000000	970.649516	1416527
994	-2620.000000	972.272878	1418976
996	-2616.000000	973.897281	1402508
998	-2612.000000	975.520638	1404684
1000	-2608.000000	977.137371	1398298
1002	-2604.000000	978.759373	1400916
1004	-2600.000000	980.374581	1404910
1006	-2596.000000	981.992846	1400622
1008	-2592.000000	983.608602	1400514
1010	-2588.000000	985.221316	1405646
1012	-2584.000000	986.834233	1404002
1014	-2580.000000	988.445911	1409625
1016	-2576.000000	990.055914	1407977
1018	-2572.000000	991.664354	1409026
1020	-2568.000000	993.274991	1414182
1022	-2564.000000	994.879855	1402405
1024	-2560.000000	996.484430	1397145
1026	-2556.000000	998.089124	1402262
1028	-2552.000000	999.693658	1401567
1030	-2548.000000	1001.295529	1400080
1032	-2544.000000	1002.898884	1401059
1034	-2540.000000	1004.496563	1397642
1036	-2536.000000	1006.093144	1398383
1038	-2532.000000	1007.688245	1397249
1040	-2528.000000	1009.283035	1397309
1042	-2524.000000	1010.875184	1395118
1044	-2520.000000	1012.466028	1394005
1046	-2516.000000	1014.058134	1402036
1048	-2512.000000	1015.647951	1397335
1050	-2508.000000	1017.236204	1403044
1052	-2504.000000	1018.821755	1405343
1054	-2500.000000	1020.409532	1406682
1056	-2496.000000	1021.997041	1403629
1058	-2492.000000	1023.578399	1410509
1060	-2488.000000	1025.159850	1413501
1062	-2484.000000	1026.737244	1415660
1064	-2480.000000	1028.314499	1421563
1066	-2476.000000	1029.893577	1422563
1068	-2472.000000	1031.467663	1428826
1070	-2468.000000	1033.044994	1423302
1072	-2464.000000	1034.619197	1432846
1074	-2460.000000	1036.192016	1424236
1076	-2456.000000	1037.762698	1419939
1078	-2452.000000	1039.329120	1433918
1080	-2448.000000	1040.896509	1426760
1082	-2444.000000	1042.464829	1418362
1084	-2440.000000	1044.028875	1425463
1086	-2436.000000	1045.595105	1424187
1088	-2432.000000	1047.156578	1422983
1090	-2428.000000	1048.716467	1422425
1092	-2424.000000	1050.275846	1411750
1094	-2420.000000	1051.832351	1414810
1096	-2416.000000	1053.389688	1416054
1098	-2412.000000	1054.945728	1415750
1100	-2408.000000	1056.498916	1413358
1102	-2404.000000	1058.053585	1404274
1104	-2400.000000	1059.602351	1410198
1106	-2396.000000	1061.151488	1416430
1108	-2392.000000	1062.699980	1411193
1110	-2388.000000	1064.247737	1411979
1112	-2384.000000	1065.794707	1410838
1114	-2380.000000	1067.334917	1406579
1116	-2376.000000	1068.875661	1415284
1118	-2372.000000	1070.415597	1415154
1120	-2368.000000	1071.959341	1413472
1122	-2364.000000	1073.494925	1412194
1124	-2360.000000	1075.033323	1412232
1126	-2356.000000	1076.568978	1405291
1128	-2352.000000	1078.100892	1410217
1130	-2348.000000	1079.632643	1413771
1132	-2344.000000	1081.162415	1412584
1134	-2340.000000	1082.694373	1411362
1136	-2336.000000	1084.222542	1415116
1138	-2332.000000	1085.747345	1406915
1140	-2328.000000	1087.269298	1412929
1142	-2324.000000	1088.791013	1419898
1144	-2320.000000	1090.311153	1418131
1146	-2316.000000	1091.832364	1411490
1148	-2312.000000	1093.351814	1409589
1150	-2308.000000	1094.868573	1399869
1152	-2304.000000	1096.385422	1403549
1154	-2300.000000	1097.898803	1404214
1156	-2296.000000	1099.410937	1407558
1158	-2292.000000	1100.923498	1417153
1160	-2288.000000	1102.433448	1406696
1162	-2284.000000	1103.939397	1416992
1164	-2280.000000	1105.446678	1404562
1166	-2276.000000	1106.954863	1405108
1168	-2272.000000	1108.461306	1395345
1170	-2268.000000	1109.963321	1400466
1172	-2264.000000	1111.463761	1391196
1174	-2260.000000	1112.962461	1395774
1176	-2256.000000	1114.458334	1400260
1178	-2252.000000	1115.952524	1401596
1180	-2248.000000	1117.446322	1404805
1182	-2244.000000	1118.939687	1403414
1184	-2240.000000	1120.431154	1399167
1186	-2236.000000	1121.921241	1414288
1188	-2232.000000	1123.407332	1407927
1190	-2228.000000	1124.897160	1405489
1192	-2224.000000	1126.379586	1397378
1194	-2220.000000	1127.862012	1403246
1196	-2216.000000	1129.342276	1401132
1198	-2212.000000	1130.822691	1402601
1200	-2208.000000	1132.300644	1402181
1202	-2204.000000	1133.776393	1402285
1204	-2200.000000	1135.248256	1405079
1206	-2196.000000	1136.723381	1401846
1208	-2192.000000	1138.194861	1397173
1210	-2188.000000	1139.667921	1403967
1212	-2184.000000	1141.136359	1401998
1214	-2180.000000	1142.603518	1404261
1216	-2176.000000	1144.066379	1411716
1218	-2172.000000	1145.531534	1414918
1220	-2168.000000	1146.992520	1412411
1222	-2164.000000	1148.452419	1424002
1224	-2160.000000	1149.910658	1439917
1226	-2156.000000	1151.367976	1440681
1228	-2152.000000	1152.823824	1448193
1230	-2148.000000	1154.276241	1449089
1232	-2144.000000	1155.726834	1456786
1234	-2140.000000	1157.178216	1458450
1236	-2136.000000	1158.626756	1462219
1238	-2132.000000	1160.072870	1463595
1240	-2128.000000	1161.519588	1461937
1242	-2124.000000	1162.965699	1458650
1244	-2120.000000	1164.406687	1459875
1246	-2116.000000	1165.846790	1452240
1248	-2112.000000	1167.284530	1459539
1250	-2108.000000	1168.720611	1455380
1252	-2104.000000	1170.157193	1459419
1254	-2100.000000	1171.590462	1449698
1256	-2096.000000	1173.020368	1449995
1258	-2092.000000	1174.450020	1451470
1260	-2088.000000	1175.878304	1454621
1262	-2084.000000	1177.304116	1446468
1264	-2080.000000	1178.728599	1450543
1266	-2076.000000	1180.153525	1450913
1268	-2072.000000	1181.570958	1458402
1270	-2068.000000	1182.993950	1463929
1272	-2064.000000	1184.411396	1458191
1274	-2060.000000	1185.827018	1458833
1276	-2056.000000	1187.243788	1454058
1278	-2052.000000	1188.657269	1451072
1280	-2048.000000	1190.066287	1456601
1282	-2044.000000	1191.475676	1457891
1284	-2040.000000	1192.880903	1462945
1286	-2036.000000	1194.286315	1468695
1288	-2032.000000	1195.690216	1463213
1290	-2028.000000	1197.091393	1468453
1292	-2024.000000	1198.489511	1472662
1294	-2020.000000	1199.886975	1468496
1296	-2016.000000	1201.286466	1461367
1298	-2012.000000	1202.682033	1460337
1300	-2008.000000	1204.074015	1450413
1302	-2004.000000	1205.464329	1449042
1304	-2000.000000	1206.854074	1444320
1306	-1996.000000	1208.242023	1438953
1308	-1992.000000	1209.624775	1437362
1310	-1988.000000	1211.010270	1447030
1312	-1984.000000	1212.393201	1438753
1314	-1980.000000	1213.774280	1440143
1316	-1976.000000	1215.152007	1448721
1318	-1972.000000	1216.527164	1456752
1320	-1968.000000	1217.901505	1455751
1322	-1964.000000	1219.271561	1463496
1324	-1960.000000	1220.642100	1465784
1326	-1956.000000	1222.008985	1467222
1328	-1952.000000	1223.377115	1464579
1330	-1948.000000	1224.743198	1471723
1332	-1944.000000	1226.105711	1471944
1334	-1940.000000	1227.466849	1472147
1336	-1936.000000	1228.826895	1471776
1338	-1932.000000	1230.183538	1470570
1340	-1928.000000	1231.539465	1459985
1342	-1924.000000	1232.895960	1448506
1344	-1920.000000	1234.246261	1453000
1346	-1916.000000	1235.596843	1454103
1348	-1912.000000	1236.946030	1454704
1350	-1908.000000	1238.291642	1450337
1352	-1904.000000	1239.637226	1445320
1354	-1900.000000	1240.981514	1441292
1356	-1896.000000	1242.321966	1438964
1358	-1892.000000	1243.662612	1437132
1360	-1888.000000	1245.001042	1436382
1362	-1884.000000	1246.337000	1430083
1364	-1880.000000	1247.670113	1424623
1366	-1876.000000	1249.000550	1423371
1368	-1872.000000	1250.331768	1422010
1370	-1868.000000	1251.659427	1421658
1372	-1864.000000	1252.985973	1414045
1374	-1860.000000	1254.311848	1409359
1376	-1856.000000	1255.635977	1413825
1378	-1852.000000	1256.956587	1414053
1380	-1848.000000	1258.276709	1416170
1382	-1844.000000	1259.592321	1412761
1384	-1840.000000	1260.907159	1424146
1386	-1836.000000	1262.218523	1425732
1388	-1832.000000	1263.529687	1424685
1390	-1828.000000	1264.835236	1422126
1392	-1824.000000	1266.142155	1429677
1394	-1820.000000	1267.443785	1433024
1396	-1816.000000	1268.745335	1430902
1398	-1812.000000	1270.046672	1430252
1400	-1808.000000	1271.345976	1424603
1402	-1804.000000	1272.642459	1423217
1404	-1800.000000	1273.939646	1415758
1406	-1796.000000	1275.233480	1410661
1408	-1792.000000	1276.522528	1415995
1410	-1788.000000	1277.808903	1413673
1412	-1784.000000	1279.098833	1407657
1414	-1780.000000	1280.382073	1407034
1416	-1776.000000	1281.661996	1411862
1418	-1772.000000	1282.943198	1410915
1420	-1768.000000	1284.222503	1410864
1422	-1764.000000	1285.494606	1416828
1424	-1760.000000	1286.768501	1416732
1426	-1756.000000	1288.038336	1414655
1428	-1752.000000	1289.309193	1420670
1430	-1748.000000	1290.574945	1418898
1432	-1744.000000	1291.840780	1412306
1434	-1740.000000	1293.105361	1412461
1436	-1736.000000	1294.365652	1415964
1438	-1732.000000	1295.627873	1413067
1440	-1728.000000	1296.886019	1417123
1442	-1724.000000	1298.139279	1419033
1444	-1720.000000	1299.395739	1412794
1446	-1716.000000	1300.646731	1406865
1448	-1712.000000	1301.897264	1404700
1450	-1708.000000	1303.144276	1400982
1452	-1704.000000	1304.390522	1398634
1454	-1700.000000	1305.634804	1401044
1456	-1696.000000	1306.875144	1401583
1458	-1692.000000	1308.112015	1398625
1460	-1688.000000	1309.346597	1398711
1462	-1684.000000	1310.581318	1393434
1464	-1680.000000	1311.817132	1401999
1466	-1676.000000	1313.046144	1399548
1468	-1672.000000	1314.276207	1400580
1470	-1668.000000	1315.502223	1398046
1472	-1664.000000	1316.726528	1392968
1474	-1660.000000	1317.946961	1398439
1476	-1656.000000	1319.168327	1392273
1478	-1652.000000	1320.384925	1393683
1480	-1648.000000	1321.600084	1387313
1482	-1644.000000	1322.813117	1387941
1484	-1640.000000	1324.023823	1383347
1486	-1636.000000	1325.234068	1386994
1488	-1632.000000	1326.441546	1387904
1490	-1628.000000	1327.645222	1390271
1492	-1624.000000	1328.847904	1385938
1494	-1620.000000	1330.045901	1375802
1496	-1616.000000	1331.245279	1379882
1498	-1612.000000	1332.442337	1378681
1500	-1608.000000	1333.635825	1373394
1502	-1604.000000	1334.826666	1375123
1504	-1600.000000	1336.014892	1382827
1506	-1596.000000	1337.199619	1372764
1508	-1592.000000	1338.385755	1371623
1510	-1588.000000	1339.567340	1369861
1512	-1584.000000	1340.748149	1365260
1514	-1580.000000	1341.924474	1369922
1516	-1576.000000	1343.102229	1368924
1518	-1572.000000	1344.278898	1362777
1520	-1568.000000	1345.447809	1366197
1522	-1564.000000	1346.617623	1366734
1524	-1560.000000	1347.783736	1373024
1526	-1556.000000	1348.948368	1364607
1528	-1552.000000	1350.112561	1365369
1530	-1548.000000	1351.271656	1368991
1532	-1544.000000	1352.428121	1370255
1534	-1540.000000	1353.583646	1375764
1536	-1536.000000	1354.740105	1372301
1538	-1532.000000	1355.889816	1366493
1540	-1528.000000	1357.036415	1363062
1542	-1524.000000	1358.183960	1357675
1544	-1520.000000	1359.328007	1359446
1546	-1516.000000	1360.471017	1358403
1548	-1512.000000	1361.609636	1352197
1550	-1508.000000	1362.747166	1351960
1552	-1504.000000	1363.883219	1350168
1554	-1500.000000	1365.015742	1349744
1556	-1496.000000	1366.147483	1354397
1558	-1492.000000	1367.274896	1355841
1560	-1488.000000	1368.401444	1351755
1562	-1484.000000	1369.524706	1347215
1564	-1480.000000	1370.644572	1352169
1566	-1476.000000	1371.762903	1351647
1568	-1472.000000	1372.881458	1345002
1570	-1468.000000	1373.994345	1346756
1572	-1464.000000	1375.104388	1347184
1574	-1460.000000	1376.216076	1347376
1576	-1456.000000	1377.322681	1354449
1578	-1452.000000	1378.427934	1354933
1580	-1448.000000	1379.527610	1352451
1582	-1444.000000	1380.625927	1354434
1584	-1440.000000	1381.723942	1352098
1586	-1436.000000	1382.818598	1353788
1588	-1432.000000	1383.912566	1355716
1590	-1428.000000	1385.001884	1348258
1592	-1424.000000	1386.090838	1348790
1594	-1420.000000	1387.175976	1344325
1596	-1416.000000	1388.257429	1344175
1598	-1412.000000	1389.339332	1348233
1600	-1408.000000	1390.414446	1348352
1602	-1404.000000	1391.492316	1345912
1604	-1400.000000	1392.566097	1345403
1606	-1396.000000	1393.637108	1351061
1608	-1392.000000	1394.703982	1353813
1610	-1388.000000	1395.767435	1358337
1612	-1384.000000	1396.832494	1366469
1614	-1380.000000	1397.892221	1365697
1616	-1376.000000	1398.952852	1363557
1618	-1372.000000	1400.009696	1366986
1620	-1368.000000	1401.063580	1375281
1622	-1364.000000	1402.115379	1374834
1624	-1360.000000	1403.166193	1375268
1626	-1356.000000	1404.213032	1377483
1628	-1352.000000	1405.256428	1376349
1630	-1348.000000	1406.295394	1371793
1632	-1344.000000	1407.335111	1372382
1634	-1340.000000	1408.372333	1365461
1636	-1336.000000	1409.407134	1366974
1638	-1332.000000	1410.438381	1358541
1640	-1328.000000	1411.465723	1346999
1642	-1324.000000	1412.493368	1349992
1644	-1320.000000	1413.516514	1345005
1646	-1316.000000	1414.538990	1345215
1648	-1312.000000	1415.557974	1342005
1650	-1308.000000	1416.576416	1342383
1652	-1304.000000	1417.590698	1339105
1654	-1300.000000	1418.602405	1336675
1656	-1296.000000	1419.612395	1334917
1658	-1292.000000	1420.619184	1331799
1660	-1288.000000	1421.624772	1336054
1662	-1284.000000	1422.627102	1336644
1664	-1280.000000	1423.626025	1341903
1666	-1276.000000	1424.619571	1342878
1668	-1272.000000	1425.612909	1342840
1670	-1268.000000	1426.605511	1336419
1672	-1264.000000	1427.592798	1340248
1674	-1260.000000	1428.579607	1338041
1676	-1256.000000	1429.563858	1340540
1678	-1252.000000	1430.543939	1336638
1680	-1248.000000	1431.522468	1338138
1682	-1244.000000	1432.496730	1342718
1684	-1240.000000	1433.472364	1336121
1686	-1236.000000	1434.442439	1337839
1688	-1232.000000	1435.411588	1335205
1690	-1228.000000	1436.377208	1339179
1692	-1224.000000	1437.339494	1341695
1694	-1220.000000	1438.301163	1343949
1696	-1216.000000	1439.258056	1346303
1698	-1212.000000	1440.213296	1339010
1700	-1208.000000	1441.164797	1340132
1702	-1204.000000	1442.115823	1342150
1704	-1200.000000	1443.065123	1345265
1706	-1196.000000	1444.012066	1344628
1708	-1192.000000	1444.954396	1345348
1710	-1188.000000	1445.894714	1348102
1712	-1184.000000	1446.828914	1349521
1714	-1180.000000	1447.762436	1342178
1716	-1176.000000	1448.694462	1344884
1718	-1172.000000	1449.624307	1339540
1720	-1168.000000	1450.552360	1339245
1722	-1164.000000	1451.476230	1335287
1724	-1160.000000	1452.396951	1335498
1726	-1156.000000	1453.314228	1335585
1728	-1152.000000	1454.230595	1339584
1730	-1148.000000	1455.144819	1335275
1732	-1144.000000	1456.056972	1337750
1734	-1140.000000	1456.965092	1337652
1736	-1136.000000	1457.871244	1333174
1738	-1132.000000	1458.772684	1332625
1740	-1128.000000	1459.672348	1334827
1742	-1124.000000	1460.568876	1334699
1744	-1120.000000	1461.463788	1339708
1746	-1116.000000	1462.355573	1341883
1748	-1112.000000	1463.242020	1344137
1750	-1108.000000	1464.128105	1341871
1752	-1104.000000	1465.011818	1344730
1754	-1100.000000	1465.894805	1344033
1756	-1096.000000	1466.772195	1348962
1758	-1092.000000	1467.646784	1343104
1760	-1088.000000	1468.518920	1341155
1762	-1084.000000	1469.389064	1346320
1764	-1080.000000	1470.255544	1346049
1766	-1076.000000	1471.119848	1349965
1768	-1072.000000	1471.979898	1346583
1770	-1068.000000	1472.838263	1354384
1772	-1064.000000	1473.693348	1352552
1774	-1060.000000	1474.545932	1348193
1776	-1056.000000	1475.395813	1351945
1778	-1052.000000	1476.245308	1345076
1780	-1048.000000	1477.091010	1344247
1782	-1044.000000	1477.933245	1348097
1784	-1040.000000	1478.775390	1344684
1786	-1036.000000	1479.613392	1341344
1788	-1032.000000	1480.447918	1342225
1790	-1028.000000	1481.279826	1342032
1792	-1024.000000	1482.107530	1340727
1794	-1020.000000	1482.932766	1338439
1796	-1016.000000	1483.756200	1340092
1798	-1012.000000	1484.576117	1340987
1800	-1008.000000	1485.393301	1340764
1802	-1004.000000	1486.206635	1344160
1804	-1000.000000	1487.017474	1342643
1806	-996.000000	1487.825101	1342742
1808	-992.000000	1488.631630	1338371
1810	-988.000000	1489.431295	1338151
1812	-984.000000	1490.233131	1334868
1814	-980.000000	1491.031069	1327916
1816	-976.000000	1491.824095	1329369
1818	-972.000000	1492.615758	1332056
1820	-968.000000	1493.405043	1331122
1822	-964.000000	1494.193382	1333364
1824	-960.000000	1494.975320	1334260
1826	-956.000000	1495.756694	1334278
1828	-952.000000	1496.533217	1331358
1830	-948.000000	1497.307484	1338808
1832	-944.000000	1498.079291	1338706
1834	-940.000000	1498.847027	1338886
1836	-936.000000	1499.611976	1341609
1838	-932.000000	1500.377272	1345499
1840	-928.000000	1501.136213	1343830
1842	-924.000000	1501.894770	1346090
1844	-920.000000	1502.649693	1345471
1846	-916.000000	1503.401462	1347661
1848	-912.000000	1504.149456	1355419
1850	-908.000000	1504.894674	1352928
1852	-904.000000	1505.638685	1354431
1854	-900.000000	1506.379174	1348778
1856	-896.000000	1507.116174	1347343
1858	-892.000000	1507.851168	1344917
1860	-888.000000	1508.580584	1345318
1862	-884.000000	1509.306585	1342170
1864	-880.000000	1510.031358	1343718
1866	-876.000000	1510.753494	1341985
1868	-872.000000	1511.470090	1341851
1870	-868.000000	1512.187563	1343501
1872	-864.000000	1512.900424	1341185
1874	-860.000000	1513.612410	1339637
1876	-856.000000	1514.320422	1340690
1878	-852.000000	1515.025937	1339167
1880	-848.000000	1515.727871	1337431
1882	-844.000000	1516.426703	1337871
1884	-840.000000	1517.122273	1338594
1886	-836.000000	1517.814651	1338303
1888	-832.000000	1518.503969	1337226
1890	-828.000000	1519.190097	1339230
1892	-824.000000	1519.871439	1340094
1894	-820.000000	1520.550947	1333914
1896	-816.000000	1521.229124	1341038
1898	-812.000000	1521.902709	1347653
1900	-808.000000	1522.574327	1344891
1902	-804.000000	1523.243765	1347600
1904	-800.000000	1523.909209	1351750
1906	-796.000000	1524.571134	1348950
1908	-792.000000	1525.230596	1347625
1910	-788.000000	1525.886268	1346449
1912	-784.000000	1526.538249	1345405
1914	-780.000000	1527.188999	1350959
1916	-776.000000	1527.837246	1348004
1918	-772.000000	1528.481235	1348022
1920	-768.000000	1529.119719	1346839
1922	-764.000000	1529.757888	1354278
1924	-760.000000	1530.392611	1349799
1926	-756.000000	1531.023168	1352005
1928	-752.000000	1531.649518	1346729
1930	-748.000000	1532.274968	1346090
1932	-744.000000	1532.898274	1351922
1934	-740.000000	1533.517169	1348119
1936	-736.000000	1534.132791	1348950
1938	-732.000000	1534.746246	1353390
1940	-728.000000	1535.356060	1356955
1942	-724.000000	1535.964646	1359316
1944	-720.000000	1536.568027	1363801
1946	-716.000000	1537.168274	1359785
1948	-712.000000	1537.766056	1360360
1950	-708.000000	1538.359228	1363083
1952	-704.000000	1538.949923	1366354
1954	-700.000000	1539.539282	1364075
1956	-696.000000	1540.123130	1360877
1958	-692.000000	1540.704276	1364422
1960	-688.000000	1541.282826	1366217
1962	-684.000000	1541.859251	1368690
1964	-680.000000	1542.431810	1366254
1966	-676.000000	1543.002307	1364522
1968	-672.000000	1543.566991	1367192
1970	-668.000000	1544.129602	1369894
1972	-664.000000	1544.688515	1374187
1974	-660.000000	1545.245127	1377343
1976	-656.000000	1545.798527	1376301
1978	-652.000000	1546.348806	1377880
1980	-648.000000	1546.894108	1377046
1982	-644.000000	1547.437572	1374343
1984	-640.000000	1547.978022	1375129
1986	-636.000000	1548.515680	1377083
1988	-632.000000	1549.048069	1378059
1990	-628.000000	1549.577573	1379865
1992	-624.000000	1550.105523	1377311
1994	-620.000000	1550.631220	1377908
1996	-616.000000	1551.153091	1385215
1998	-612.000000	1551.673716	1380146
2000	-608.000000	1552.187453	1386814
2002	-604.000000	1552.699046	1386608
2004	-600.000000	1553.209483	1385950
2006	-596.000000	1553.714080	1382153
2008	-592.000000	1554.214908	1388249
2010	-588.000000	1554.712493	1387325
2012	-584.000000	1555.208922	1388135
2014	-580.000000	1555.702312	1390911
2016	-576.000000	1556.190976	1394487
2018	-572.000000	1556.677711	1393814
2020	-568.000000	1557.161243	1392788
2022	-564.000000	1557.642895	1389982
2024	-560.000000	1558.120519	1387664
2026	-556.000000	1558.593833	1387068
2028	-552.000000	1559.064088	1388795
2030	-548.000000	1559.532375	1388134
2032	-544.000000	1559.996975	1388009
2034	-540.000000	1560.457587	1385512
2036	-536.000000	1560.914977	1386236
2038	-532.000000	1561.368600	1383723
2040	-528.000000	1561.821596	1380870
2042	-524.000000	1562.269840	1374507
2044	-520.000000	1562.714118	1375162
2046	-516.000000	1563.154886	1374246
2048	-512.000000	1563.592356	1375117
2050	-508.000000	1564.027176	1376191
2052	-504.000000	1564.459241	1372787
2054	-500.000000	1564.886414	1370737
2056	-496.000000	1565.311396	1370019
2058	-492.000000	1565.731968	1369044
2060	-488.000000	1566.150761	1364858
2062	-484.000000	1566.565165	1367150
2064	-480.000000	1566.977309	1364597
2066	-476.000000	1567.386543	1365298
2068	-472.000000	1567.793544	1364885
2070	-468.000000	1568.195608	1359790
2072	-464.000000	1568.593447	1357023
2074	-460.000000	1568.989843	1352869
2076	-456.000000	1569.380616	1355822
2078	-452.000000	1569.768585	1355333
2080	-448.000000	1570.153585	1357586
2082	-444.000000	1570.534226	1356919
2084	-440.000000	1570.912610	1357752
2086	-436.000000	1571.288770	1354769
2088	-432.000000	1571.660194	1363081
2090	-428.000000	1572.028151	1367505
2092	-424.000000	1572.392659	1369543
2094	-420.000000	1572.754236	1367210
2096	-416.000000	1573.111851	1367269
2098	-412.000000	1573.467165	1364787
2100	-408.000000	1573.815935	1358918
2102	-404.000000	1574.163994	1363465
2104	-400.000000	1574.508577	1365066
2106	-396.000000	1574.849681	1369551
2108	-392.000000	1575.189092	1372243
2110	-388.000000	1575.523914	1373689
2112	-384.000000	1575.856814	1373267
2114	-380.000000	1576.184827	1375496
2116	-376.000000	1576.509077	1377782
2118	-372.000000	1576.829293	1376817
2120	-368.000000	1577.147978	1369352
2122	-364.000000	1577.460573	1371969
2124	-360.000000	1577.772409	1369031
2126	-356.000000	1578.080274	1368428
2128	-352.000000	1578.384774	1362519
2130	-348.000000	1578.686531	1364629
2132	-344.000000	1578.985631	1366587
2134	-340.000000	1579.280160	1367353
2136	-336.000000	1579.570713	1368041
2138	-332.000000	1579.858172	1369695
2140	-328.000000	1580.142960	1371623
2142	-324.000000	1580.422985	1372407
2144	-320.000000	1580.699352	1373161
2146	-316.000000	1580.971832	1371726
2148	-312.000000	1581.242535	1373424
2150	-308.000000	1581.510717	1370420
2152	-304.000000	1581.773459	1369228
2154	-300.000000	1582.034750	1364237
2156	-296.000000	1582.292053	1359349
2158	-292.000000	1582.545299	1362858
2160	-288.000000	1582.796351	1364383
2162	-284.000000	1583.042944	1360708
2164	-280.000000	1583.286696	1362469
2166	-276.000000	1583.527301	1358759
2168	-272.000000	1583.764567	1353095
2170	-268.000000	1583.997441	1354529
2172	-264.000000	1584.227433	1356154
2174	-260.000000	1584.453180	1356534
2176	-256.000000	1584.675836	1359860
2178	-252.000000	1584.896055	1354716
2180	-248.000000	1585.112948	1357563
2182	-244.000000	1585.324270	1361801
2184	-240.000000	1585.532556	1365669
2186	-236.000000	1585.737725	1365575
2188	-232.000000	1585.938815	1367389
2190	-228.000000	1586.138610	1367428
2192	-224.000000	1586.332899	1372430
2194	-220.000000	1586.525651	1373014
2196	-216.000000	1586.714304	1371434
2198	-212.000000	1586.900322	1372321
2200	-208.000000	1587.081376	1374032
2202	-204.000000	1587.260258	1374075
2204	-200.000000	1587.435464	1374283
2206	-196.000000	1587.606979	1375408
2208	-192.000000	1587.775408	1376022
2210	-188.000000	1587.940909	1377766
2212	-184.000000	1588.101763	1376319
2214	-180.000000	1588.259306	1373858
2216	-176.000000	1588.412562	1374919
2218	-172.000000	1588.562794	1377280
2220	-168.000000	1588.709382	1374335
2222	-164.000000	1588.852671	1374398
2224	-160.000000	1588.993806	1379949
2226	-156.000000	1589.131342	1378633
2228	-152.000000	1589.264544	1377924
2230	-148.000000	1589.393722	1379019
2232	-144.000000	1589.520348	1378780
2234	-140.000000	1589.643891	1380608
2236	-136.000000	1589.764745	1380679
2238	-132.000000	1589.882076	1384485
2240	-128.000000	1589.994287	1384141
2242	-124.000000	1590.102937	1382668
2244	-120.000000	1590.209338	1378846
2246	-116.000000	1590.312510	1380923
2248	-112.000000	1590.410746	1384685
2250	-108.000000	1590.505314	1382311
2252	-104.000000	1590.597231	1380769
2254	-100.000000	1590.686174	1379681
2256	-96.000000	1590.773472	1377351
2258	-92.000000	1590.856489	1373419
2260	-88.000000	1590.933043	1375218
2262	-84.000000	1591.007513	1376378
2264	-80.000000	1591.077736	1375603
2266	-76.000000	1591.145115	1376207
2268	-72.000000	1591.210277	1374922
2270	-68.000000	1591.271736	1375101
2272	-64.000000	1591.329587	1376615
2274	-60.000000	1591.383404	1379593
2276	-56.000000	1591.433468	1380263
2278	-52.000000	1591.479198	1386018
2280	-48.000000	1591.521893	1385547
2282	-44.000000	1591.563387	1382015
2284	-40.000000	1591.601150	1382342
2286	-36.000000	1591.634160	1382152
2288	-32.000000	1591.663686	1379643
2290	-28.000000	1591.690370	1379955
2292	-24.000000	1591.711218	1379346
2294	-20.000000	1591.731108	1379755
2296	-16.000000	1591.747836	1379267
2298	-12.000000	1591.759879	1380381
2300	-8.000000	1591.769486	1381009
2302	-4.000000	1591.773072	1381543
2304	0.000000	1591.774814	1383418
2306	4.000000	1591.774030	1383456
2308	8.000000	1591.769413	1382641
2310	12.000000	1591.761444	1378886
2312	16.000000	1591.750418	1376534
2314	20.000000	1591.733920	1376833
2316	24.000000	1591.713711	1380683
2318	28.000000	1591.691130	1375241
2320	32.000000	1591.664621	1375059
2322	36.000000	1591.634960	1378969
2324	40.000000	1591.601576	1378907
2326	44.000000	1591.566300	1381338
2328	48.000000	1591.526424	1387527
2330	52.000000	1591.484432	1388877
2332	56.000000	1591.437553	1392622
2334	60.000000	1591.387288	1392921
2336	64.000000	1591.333770	1393483
2338	68.000000	1591.275986	1390969
2340	72.000000	1591.215495	1388881
2342	76.000000	1591.151082	1388746
2344	80.000000	1591.083855	1390528
2346	84.000000	1591.014083	1394429
2348	88.000000	1590.939939	1390395
2350	92.000000	1590.863864	1394298
2352	96.000000	1590.781642	1395318
2354	100.000000	1590.696374	1393668
2356	104.000000	1590.609204	1393906
2358	108.000000	1590.516969	1393433
2360	112.000000	1590.421859	1393674
2362	116.000000	1590.323392	1393635
2364	120.000000	1590.220412	1394131
2366	124.000000	1590.114579	1389183
2368	128.000000	1590.005676	1386751
2370	132.000000	1589.893731	1383172
2372	136.000000	1589.777220	1387588
2374	140.000000	1589.657768	1390722
2376	144.000000	1589.534516	1386286
2378	148.000000	1589.407782	1389535
2380	152.000000	1589.277004	1389009
2382	156.000000	1589.143966	1388009
2384	160.000000	1589.008088	1386904
2386	164.000000	1588.866522	1385564
2388	168.000000	1588.721927	1383206
2390	172.000000	1588.574800	1382397
2392	176.000000	1588.424113	1380338
2394	180.000000	1588.270029	1379413
2396	184.000000	1588.111969	1378943
2398	188.000000	1587.949133	1379890
2400	192.000000	1587.784253	1388189
2402	196.000000	1587.617097	1386946
2404	200.000000	1587.446556	1389310
2406	204.000000	1587.271804	1388716
2408	208.000000	1587.091558	1389344
2410	212.000000	1586.910491	1388228
2412	216.000000	1586.724837	1390152
2414	220.000000	1586.535195	1391603
2416	224.000000	1586.343252	1391813
2418	228.000000	1586.147319	1390947
2420	232.000000	1585.949832	1389001
2422	236.000000	1585.745635	1391261
2424	240.000000	1585.539294	1393690
2426	244.000000	1585.330574	1395043
2428	248.000000	1585.118483	1397451
2430	252.000000	1584.902892	1396709
2432	256.000000	1584.682482	1399529
2434	260.000000	1584.459842	1400274
2436	264.000000	1584.233049	1397955
2438	268.000000	1584.002425	1400459
2440	272.000000	1583.768159	1403840
2442	276.000000	1583.531466	1413999
2444	280.000000	1583.291876	1414841
2446	284.000000	1583.049806	1413571
2448	288.000000	1582.803989	1410096
2450	292.000000	1582.554562	1412845
2452	296.000000	1582.300736	1410218
2454	300.000000	1582.041742	1410590
2456	304.000000	1581.780275	1411669
2458	308.000000	1581.516378	1412492
2460	312.000000	1581.248991	1411244
2462	316.000000	1580.978061	1411282
2464	320.000000	1580.704476	1414829
2466	324.000000	1580.428976	1414413
2468	328.000000	1580.148353	1412560
2470	332.000000	1579.865155	1413484
2472	336.000000	1579.578649	1410565
2474	340.000000	1579.287894	1412437
2476	344.000000	1578.994484	1413057
2478	348.000000	1578.694866	1412734
2480	352.000000	1578.392171	1412620
2482	356.000000	1578.087408	1410541
2484	360.000000	1577.779771	1408470
2486	364.000000	1577.467963	1413743
2488	368.000000	1577.154146	1410243
2490	372.000000	1576.835394	1413194
2492	376.000000	1576.515128	1408116
2494	380.000000	1576.188570	1410762
2496	384.000000	1575.858819	1410888
2498	388.000000	1575.528534	1411291
2500	392.000000	1575.192833	1414199
2502	396.000000	1574.854783	1416758
2504	400.000000	1574.512945	1417923
2506	404.000000	1574.167484	1422127
2508	408.000000	1573.820033	1423890
2510	412.000000	1573.469107	1424860
2512	416.000000	1573.115130	1427043
2514	420.000000	1572.757976	1431156
2516	424.000000	1572.396136	1434571
2518	428.000000	1572.031667	1434748
2520	432.000000	1571.663888	1428366
2522	436.000000	1571.293897	1429553
2524	440.000000	1570.919815	1427605
2526	444.000000	1570.541525	1422381
2528	448.000000	1570.159112	1426931
2530	452.000000	1569.775217	1423673
2532	456.000000	1569.384524	1429065
2534	460.000000	1568.991896	1427237
2536	464.000000	1568.596708	1426118
2538	468.000000	1568.198160	1428357
2540	472.000000	1567.796982	1426059
2542	476.000000	1567.391309	1423125
2544	480.000000	1566.984133	1419993
2546	484.000000	1566.573240	1414365
2548	488.000000	1566.158949	1415258
2550	492.000000	1565.740755	1415371
2552	496.000000	1565.318901	1412592
2554	500.000000	1564.896329	1414663
2556	504.000000	1564.468941	1412348
2558	508.000000	1564.039349	1409855
2560	512.000000	1563.604426	1413063
2562	516.000000	1563.168905	1413682
2564	520.000000	1562.727467	1413710
2566	524.000000	1562.281830	1419093
2568	528.000000	1561.834867	1417935
2570	532.000000	1561.382670	1415995
2572	536.000000	1560.929098	1416135
2574	540.000000	1560.471525	1417381
2576	544.000000	1560.009601	1422828
2578	548.000000	1559.544739	1420816
2580	552.000000	1559.079622	1422788
2582	556.000000	1558.610493	1424833
2584	560.000000	1558.138071	1418986
2586	564.000000	1557.660955	1414711
2588	568.000000	1557.179360	1421486
2590	572.000000	1556.697218	1415971
2592	576.000000	1556.208510	1411559
2594	580.000000	1555.719188	1412691
2596	584.000000	1555.226720	1414211
2598	588.000000	1554.728706	1413306
2600	592.000000	1554.230927	1410284
2602	596.000000	1553.728137	1416876
2604	600.000000	1553.222447	1420204
2606	604.000000	1552.713748	1422370
2608	608.000000	1552.201460	1422037
2610	612.000000	1551.687525	1422865
2612	616.000000	1551.167908	1421563
2614	620.000000	1550.646259	1422714
2616	624.000000	1550.121070	1429559
2618	628.000000	1549.591717	1428517
2620	632.000000	1549.059979	1427524
2622	636.000000	1548.524223	1429178
2624	640.000000	1547.987935	1423458
2626	644.000000	1547.446606	1418421
2628	648.000000	1546.904389	1415972
2630	652.000000	1546.358074	1409809
2632	656.000000	1545.809401	1402473
2634	660.000000	1545.256132	1403503
2636	664.000000	1544.699916	1403745
2638	668.000000	1544.141302	1402484
2640	672.000000	1543.578503	1407916
2642	676.000000	1543.013254	1405678
2644	680.000000	1542.441919	1412016
2646	684.000000	1541.867241	1411895
2648	688.000000	1541.292644	1413893
2650	692.000000	1540.714066	1415121
2652	696.000000	1540.131890	1418371
2654	700.000000	1539.546556	1419417
2656	704.000000	1538.958524	1422906
2658	708.000000	1538.366269	1420660
2660	712.000000	1537.769934	1418743
2662	716.000000	1537.174307	1415054
2664	720.000000	1536.573494	1412687
2666	724.000000	1535.969609	1416381
2668	728.000000	1535.362181	1416245
2670	732.000000	1534.752573	1419615
2672	736.000000	1534.139242	1419141
2674	740.000000	1533.521530	1419595
2676	744.000000	1532.902708	1420460
2678	748.000000	1532.280210	1423712
2680	752.000000	1531.654415	1424858
2682	756.000000	1531.026865	1429745
2684	760.000000	1530.395305	1430638
2686	764.000000	1529.759506	1432369
2688	768.000000	1529.122013	1432081
2690	772.000000	1528.479043	1434718
2692	776.000000	1527.834579	1434942
2694	780.000000	1527.187381	1434544
2696	784.000000	1526.537913	1431260
2698	788.000000	1525.883883	1440204
2700	792.000000	1525.226902	1437845
2702	796.000000	1524.568761	1436442
2704	800.000000	1523.908020	1434024
2706	804.000000	1523.243959	1431747
2708	808.000000	1522.575602	1426208
2710	812.000000	1521.904684	1422111
2712	816.000000	1521.229303	1425575
2714	820.000000	1520.551884	1422445
2716	824.000000	1519.872333	1428513
2718	828.000000	1519.188262	1432690
2720	832.000000	1518.500078	1433699
2722	836.000000	1517.811207	1433503
2724	840.000000	1517.119117	1431902
2726	844.000000	1516.423375	1435465
2728	848.000000	1515.724431	1436836
2730	852.000000	1515.023432	1437182
2732	856.000000	1514.320397	1435844
2734	860.000000	1513.613166	1439416
2736	864.000000	1512.904365	1438452
2738	868.000000	1512.189563	1439045
2740	872.000000	1511.474545	1439579
2742	876.000000	1510.756700	1440174
2744	880.000000	1510.033464	1440088
2746	884.000000	1509.308157	1441806
2748	888.000000	1508.581302	1430633
2750	892.000000	1507.849029	1432293
2752	896.000000	1507.115511	1431156
2754	900.000000	1506.379137	1430851
2756	904.000000	1505.639470	1429634
2758	908.000000	1504.898465	1426851
2760	912.000000	1504.153459	1429883
2762	916.000000	1503.406845	1430498
2764	920.000000	1502.656674	1427502
2766	924.000000	1501.902507	1422637
2768	928.000000	1501.144480	1416979
2770	932.000000	1500.386485	1412182
2772	936.000000	1499.624081	1409937
2774	940.000000	1498.857920	1404700
2776	944.000000	1498.089703	1402308
2778	948.000000	1497.316689	1407274
2780	952.000000	1496.543614	1402944
2782	956.000000	1495.768156	1400392
2784	960.000000	1494.989430	1393414
2786	964.000000	1494.204583	1394538
2788	968.000000	1493.419133	1396235
2790	972.000000	1492.632214	1395324
2792	976.000000	1491.839083	1394693
2794	980.000000	1491.043572	1399885
2796	984.000000	1490.247112	1396392
2798	988.000000	1489.448145	1394615
2800	992.000000	1488.648139	1400708
2802	996.000000	1487.840543	1398261
2804	1000.000000	1487.031306	1396140
2806	1004.000000	1486.220706	1389358
2808	1008.000000	1485.402751	1388279
2810	1012.000000	1484.585285	1387055
2812	1016.000000	1483.766342	1384340
2814	1020.000000	1482.944388	1381626
2816	1024.000000	1482.119365	1386869
2818	1028.000000	1481.291790	1390409
2820	1032.000000	1480.461383	1389596
2822	1036.000000	1479.627173	1384134
2824	1040.000000	1478.788095	1387896
2826	1044.000000	1477.948104	1391887
2828	1048.000000	1477.105194	1389918
2830	1052.000000	1476.260676	1389963
2832	1056.000000	1475.413862	1389326
2834	1060.000000	1474.562414	1393091
2836	1064.000000	1473.710772	1394632
2838	1068.000000	1472.854730	1396406
2840	1072.000000	1471.997228	1404086
2842	1076.000000	1471.136097	1406884
2844	1080.000000	1470.271465	1408111
2846	1084.000000	1469.405314	1407711
2848	1088.000000	1468.535007	1406726
2850	1092.000000	1467.660558	1401556
2852	1096.000000	1466.786668	1403400
2854	1100.000000	1465.907651	1402992
2856	1104.000000	1465.025517	1401894
2858	1108.000000	1464.141584	1405422
2860	1112.000000	1463.256254	1400747
2862	1116.000000	1462.367668	1401397
2864	1120.000000	1461.475458	1400883
2866	1124.000000	1460.579632	1404882
2868	1128.000000	1459.683080	1403212
2870	1132.000000	1458.781659	1406282
2872	1136.000000	1457.877942	1412134
2874	1140.000000	1456.973054	1409528
2876	1144.000000	1456.062074	1409605
2878	1148.000000	1455.151972	1407572
2880	1152.000000	1454.239396	1409553
2882	1156.000000	1453.320519	1407559
2884	1160.000000	1452.399871	1418779
2886	1164.000000	1451.478172	1424159
2888	1168.000000	1450.553909	1425168
2890	1172.000000	1449.628496	1426708
2892	1176.000000	1448.700144	1427387
2894	1180.000000	1447.769196	1431817
2896	1184.000000	1446.833064	1425011
2898	1188.000000	1445.896277	1429401
2900	1192.000000	1444.954694	1432797
2902	1196.000000	1444.011135	1437431
2904	1200.000000	1443.066178	1436672
2906	1204.000000	1442.115725	1444646
2908	1208.000000	1441.165856	1435987
2910	1212.000000	1440.210744	1446374
2912	1216.000000	1439.254974	1452300
2914	1220.000000	1438.297637	1453336
2916	1224.000000	1437.334826	1458302
2918	1228.000000	1436.369656	1463921
2920	1232.000000	1435.402653	1461729
2922	1236.000000	1434.432914	1462243
2924	1240.000000	1433.462859	1460970
2926	1244.000000	1432.487615	1460548
2928	1248.000000	1431.510773	1459127
2930	1252.000000	1430.531944	1462234
2932	1256.000000	1429.548326	1466492
2934	1260.000000	1428.565033	1464245
2936	1264.000000	1427.578851	1460305
2938	1268.000000	1426.590879	1456877
2940	1272.000000	1425.597690	1458253
2942	1276.000000	1424.605012	1453407
2944	1280.000000	1423.609754	1453962
2946	1284.000000	1422.611915	1451823
2948	1288.000000	1421.606659	1452972
2950	1292.000000	1420.603432	1454556
2952	1296.000000	1419.595097	1465037
2954	1300.000000	1418.585830	1452739
2956	1304.000000	1417.572781	1451042
2958	1308.000000	1416.560415	1449771
2960	1312.000000	1415.543609	1451807
2962	1316.000000	1414.521723	1452003
2964	1320.000000	1413.500132	1460752
2966	1324.000000	1412.474441	1461004
2968	1328.000000	1411.449776	1463485
2970	1332.000000	1410.423242	1456798
2972	1336.000000	1409.389808	1461080
2974	1340.000000	1408.355575	1465074
2976	1344.000000	1407.318552	1460703
2978	1348.000000	1406.278919	1466685
2980	1352.000000	1405.236558	1465255
2982	1356.000000	1404.192066	1461707
2984	1360.000000	1403.144241	1463373
2986	1364.000000	1402.093734	1473724
2988	1368.000000	1401.040583	1468395
2990	1372.000000	1399.988139	1465362
2992	1376.000000	1398.932108	1463947
2994	1380.000000	1397.870852	1462664
2996	1384.000000	1396.810400	1459427
2998	1388.000000	1395.747204	1461644
3000	1392.000000	1394.682774	1458508
3002	1396.000000	1393.615636	1457903
3004	1400.000000	1392.542465	1454152
3006	1404.000000	1391.469540	1454733
3008	1408.000000	1390.390913	1456377
3010	1412.000000	1389.314856	1454258
3012	1416.000000	1388.235167	1451725
3014	1420.000000	1387.151627	1451259
3016	1424.000000	1386.068005	1448088
3018	1428.000000	1384.980214	1452419
3020	1432.000000	1383.889274	1453160
3022	1436.000000	1382.798196	1455279
3024	1440.000000	1381.701174	1461541
3026	1444.000000	1380.605303	1455786
3028	1448.000000	1379.502907	1454948
3030	1452.000000	1378.401836	1448068
3032	1456.000000	1377.297614	1445804
3034	1460.000000	1376.190958	1443949
3036	1464.000000	1375.081759	1450284
3038	1468.000000	1373.972423	1453019
3040	1472.000000	1372.859071	1458903
3042	1476.000000	1371.742282	1459135
3044	1480.000000	1370.624479	1458510
3046	1484.000000	1369.503528	1458328
3048	1488.000000	1368.379266	1466189
3050	1492.000000	1367.253059	1463248
3052	1496.000000	1366.125577	1458372
3054	1500.000000	1364.995657	1460028
3056	1504.000000	1363.862443	1457748
3058	1508.000000	1362.729102	1461998
3060	1512.000000	1361.590718	1459989
3062	1516.000000	1360.450349	1460410
3064	1520.000000	1359.307343	1460554
3066	1524.000000	1358.161947	1462936
3068	1528.000000	1357.014921	1469711
3070	1532.000000	1355.866261	1462244
3072	1536.000000	1354.712490	1459641
3074	1540.000000	1353.559778	1457136
3076	1544.000000	1352.404637	1452111
3078	1548.000000	1351.248817	1450569
3080	1552.000000	1350.086805	1456030
3082	1556.000000	1348.923908	1460974
3084	1560.000000	1347.760934	1463982
3086	1564.000000	1346.594284	1462569
3088	1568.000000	1345.426152	1462892
3090	1572.000000	1344.253392	1457644
3092	1576.000000	1343.077633	1460515
3094	1580.000000	1341.904124	1457554
3096	1584.000000	1340.725816	1455511
3098	1588.000000	1339.546150	1451867
3100	1592.000000	1338.364378	1452270
3102	1596.000000	1337.181066	1450277
3104	1600.000000	1335.997242	1444308
3106	1604.000000	1334.810217	1446469
3108	1608.000000	1333.619472	1441142
3110	1612.000000	1332.426151	1436166
3112	1616.000000	1331.230019	1442004
3114	1620.000000	1330.031714	1446842
3116	1624.000000	1328.830664	1439273
3118	1628.000000	1327.627656	1444395
3120	1632.000000	1326.422877	1437000
3122	1636.000000	1325.217426	1439746
3124	1640.000000	1324.008848	1434119
3126	1644.000000	1322.794818	1444954
3128	1648.000000	1321.583855	1442520
3130	1652.000000	1320.369490	1449081
3132	1656.000000	1319.152770	1448221
3134	1660.000000	1317.931283	1450721
3136	1664.000000	1316.707623	1452959
3138	1668.000000	1315.484518	1448188
3140	1672.000000	1314.256495	1438141
3142	1676.000000	1313.029022	1436318
3144	1680.000000	1311.798967	1435087
3146	1684.000000	1310.564565	1442864
3148	1688.000000	1309.330341	1436482
3150	1692.000000	1308.092330	1440608
3152	1696.000000	1306.854675	1439912
3154	1700.000000	1305.613126	1436687
3156	1704.000000	1304.368147	1440731
3158	1708.000000	1303.123870	1436274
3160	1712.000000	1301.874048	1436164
3162	1716.000000	1300.625403	1436769
3164	1720.000000	1299.373192	1439674
3166	1724.000000	1298.120242	1440923
3168	1728.000000	1296.866013	1448793
3170	1732.000000	1295.608724	1447691
3172	1736.000000	1294.348977	1452104
3174	1740.000000	1293.084998	1447551
3176	1744.000000	1291.818835	1448741
3178	1748.000000	1290.552179	1450529
3180	1752.000000	1289.282102	1453425
3182	1756.000000	1288.012290	1451993
3184	1760.000000	1286.741840	1455560
3186	1764.000000	1285.467262	1457288
3188	1768.000000	1284.190669	1462036
3190	1772.000000	1282.912822	1459433
3192	1776.000000	1281.632694	1458108
3194	1780.000000	1280.347104	1462778
3196	1784.000000	1279.061557	1463706
3198	1788.000000	1277.774523	1464799
3200	1792.000000	1276.487589	1464533
3202	1796.000000	1275.197661	1464446
3204	1800.000000	1273.905689	1456840
3206	1804.000000	1272.611983	1450347
3208	1808.000000	1271.314380	1450161
3210	1812.000000	1270.014064	1451100
3212	1816.000000	1268.714647	1456034
3214	1820.000000	1267.413873	1461243
3216	1824.000000	1266.109821	1460510
3218	1828.000000	1264.805396	1458234
3220	1832.000000	1263.497861	1456486
3222	1836.000000	1262.187923	1452567
3224	1840.000000	1260.878797	1454170
3226	1844.000000	1259.565213	1448690
3228	1848.000000	1258.249969	1445124
3230	1852.000000	1256.930276	1446812
3232	1856.000000	1255.610489	1449701
3234	1860.000000	1254.288996	1445708
3236	1864.000000	1252.964974	1444378
3238	1868.000000	1251.637748	1442350
3240	1872.000000	1250.311696	1436339
3242	1876.000000	1248.983046	1434266
3244	1880.000000	1247.651034	1431363
3246	1884.000000	1246.317584	1429011
3248	1888.000000	1244.981514	1427772
3250	1892.000000	1243.643990	1427079
3252	1896.000000	1242.304060	1440125
3254	1900.000000	1240.960398	1447616
3256	1904.000000	1239.616842	1441552
3258	1908.000000	1238.273911	1439388
3260	1912.000000	1236.926521	1440118
3262	1916.000000	1235.576611	1446400
3264	1920.000000	1234.227223	1456418
3266	1924.000000	1232.874236	1459364
3268	1928.000000	1231.519631	1455647
3270	1932.000000	1230.163808	1453944
3272	1936.000000	1228.805510	1454570
3274	1940.000000	1227.444246	1452580
3276	1944.000000	1226.084543	1447562
3278	1948.000000	1224.722237	1449073
3280	1952.000000	1223.354380	1448925
3282	1956.000000	1221.986870	1443406
3284	1960.000000	1220.615002	1446226
3286	1964.000000	1219.243692	1438753
3288	1968.000000	1217.874191	1432003
3290	1972.000000	1216.500260	1438256
3292	1976.000000	1215.123066	1442485
3294	1980.000000	1213.745487	1444256
3296	1984.000000	1212.363542	1440016
3298	1988.000000	1210.975877	1445979
3300	1992.000000	1209.592372	1438102
3302	1996.000000	1208.207331	1435824
3304	2000.000000	1206.816768	1441199
3306	2004.000000	1205.428971	1437223
3308	2008.000000	1204.040211	1435446
3310	2012.000000	1202.646007	1441084
3312	2016.000000	1201.251602	1429072
3314	2020.000000	1199.855701	1428857
3316	2024.000000	1198.459917	1432493
3318	2028.000000	1197.061613	1433391
3320	2032.000000	1195.657940	1438275
3322	2036.000000	1194.254803	1442131
3324	2040.000000	1192.848747	1446418
3326	2044.000000	1191.441749	1445783
3328	2048.000000	1190.032714	1454348
3330	2052.000000	1188.621791	1453170
3332	2056.000000	1187.208571	1457839
3334	2060.000000	1185.794028	1454424
3336	2064.000000	1184.379633	1451997
3338	2068.000000	1182.960910	1446970
3340	2072.000000	1181.543165	1447541
3342	2076.000000	1180.120920	1450242
3344	2080.000000	1178.695042	1454647
3346	2084.000000	1177.269811	1452734
3348	2088.000000	1175.841131	1458896
3350	2092.000000	1174.415662	1457565
3352	2096.000000	1172.989520	1446196
3354	2100.000000	1171.556907	1448581
3356	2104.000000	1170.122083	1440898
3358	2108.000000	1168.687917	1438880
3360	2112.000000	1167.250785	1436462
3362	2116.000000	1165.810873	1428553
3364	2120.000000	1164.370002	1427789
3366	2124.000000	1162.929233	1422562
3368	2128.000000	1161.483058	1423412
3370	2132.000000	1160.038619	1422182
3372	2136.000000	1158.590833	1419430
3374	2140.000000	1157.141677	1424179
3376	2144.000000	1155.692410	1423144
3378	2148.000000	1154.235390	1426194
3380	2152.000000	1152.782107	1422766
3382	2156.000000	1151.326805	1429441
3384	2160.000000	1149.872679	1420809
3386	2164.000000	1148.414851	1414807
3388	2168.000000	1146.954877	1417518
3390	2172.000000	1145.494062	1413178
3392	2176.000000	1144.027476	1411973
3394	2180.000000	1142.560506	1413889
3396	2184.000000	1141.091398	1412894
3398	2188.000000	1139.622131	1419849
3400	2192.000000	1138.151098	1423965
3402	2196.000000	1136.683129	1421832
3404	2200.000000	1135.211942	1420028
3406	2204.000000	1133.738831	1422050
3408	2208.000000	1132.259846	1427895
3410	2212.000000	1130.779831	1423141
3412	2216.000000	1129.299578	1419827
3414	2220.000000	1127.813673	1424367
3416	2224.000000	1126.331482	1422100
3418	2228.000000	1124.847595	1425759
3420	2232.000000	1123.359922	1422104
3422	2236.000000	1121.875808	1420133
3424	2240.000000	1120.389019	1418384
3426	2244.000000	1118.899978	1415275
3428	2248.000000	1117.404979	1406905
3430	2252.000000	1115.913748	1405611
3432	2256.000000	1114.416808	1412613
3434	2260.000000	1112.922773	1403706
3436	2264.000000	1111.428213	1400575
3438	2268.000000	1109.926971	1404631
3440	2272.000000	1108.425940	1406416
3442	2276.000000	1106.920524	1414205
3444	2280.000000	1105.417390	1418208
3446	2284.000000	1103.908350	1412078
3448	2288.000000	1102.402504	1405263
3450	2292.000000	1100.891566	1405174
3452	2296.000000	1099.378828	1408666
3454	2300.000000	1097.864175	1407860
3456	2304.000000	1096.352260	1413726
3458	2308.000000	1094.833319	1421087
3460	2312.000000	1093.317745	1419606
3462	2316.000000	1091.803167	1411763
3464	2320.000000	1090.282945	1416259
3466	2324.000000	1088.760133	1415723
3468	2328.000000	1087.237001	1414855
3470	2332.000000	1085.711442	1415621
3472	2336.000000	1084.186109	1416933
3474	2340.000000	1082.657968	1410967
3476	2344.000000	1081.127145	1411820
3478	2348.000000	1079.594847	1419195
3480	2352.000000	1078.062808	1417461
3482	2356.000000	1076.528242	1417544
3484	2360.000000	1074.991791	1420301
3486	2364.000000	1073.454976	1418093
3488	2368.000000	1071.914046	1416860
3490	2372.000000	1070.374569	1407927
3492	2376.000000	1068.835163	1400961
3494	2380.000000	1067.292134	1406678
3496	2384.000000	1065.750289	1400449
3498	2388.000000	1064.204649	1391573
3500	2392.000000	1062.657947	1383095
3502	2396.000000	1061.108554	1399150
3504	2400.000000	1059.561999	1386534
3506	2404.000000	1058.010835	1382766
3508	2408.000000	1056.456597	1378901
3510	2412.000000	1054.901678	1379707
3512	2416.000000	1053.346003	1381026
3514	2420.000000	1051.788189	1373752
3516	2424.000000	1050.230637	1379051
3518	2428.000000	1048.670633	1376567
3520	2432.000000	1047.109446	1376387
3522	2436.000000	1045.544606	1380875
3524	2440.000000	1043.977291	1382000
3526	2444.000000	1042.409549	1381024
3528	2448.000000	1040.844484	1372115
3530	2452.000000	1039.273067	1382142
3532	2456.000000	1037.704395	1383059
3534	2460.000000	1036.133418	1380080
3536	2464.000000	1034.558957	1392547
3538	2468.000000	1032.984816	1381951
3540	2472.000000	1031.409871	1381546
3542	2476.000000	1029.831258	1380967
3544	2480.000000	1028.253348	1377720
3546	2484.000000	1026.677025	1377887
3548	2488.000000	1025.095815	1369134
3550	2492.000000	1023.512880	1364681
3552	2496.000000	1021.928414	1365983
3554	2500.000000	1020.343845	1366661
3556	2504.000000	1018.755082	1361495
3558	2508.000000	1017.170402	1356281
3560	2512.000000	1015.581744	1360644
3562	2516.000000	1013.991290	1357504
3564	2520.000000	1012.396299	1363144
3566	2524.000000	1010.806801	1364408
3568	2528.000000	1009.212534	1378477
3570	2532.000000	1007.618068	1379609
3572	2536.000000	1006.021021	1377668
3574	2540.000000	1004.426193	1381863
3576	2544.000000	1002.826453	1376284
3578	2548.000000	1001.225362	1388650
3580	2552.000000	999.625164	1383016
3582	2556.000000	998.022568	1382447
3584	2560.000000	996.418016	1377785
3586	2564.000000	994.812219	1381951
3588	2568.000000	993.205165	1373575
3590	2572.000000	991.598215	1371433
3592	2576.000000	989.986548	1365933
3594	2580.000000	988.377587	1362828
3596	2584.000000	986.764575	1366538
3598	2588.000000	985.150691	1374023
3600	2592.000000	983.537643	1371711
3602	2596.000000	981.919499	1371791
3604	2600.000000	980.302052	1371788
3606	2604.000000	978.684818	1382375
3608	2608.000000	977.069162	1378385
3610	2612.000000	975.446967	1371599
3612	2616.000000	973.826357	1371405
3614	2620.000000	972.203485	1370445
3616	2624.000000	970.580176	1367468
3618	2628.000000	968.954575	1370691
3620	2632.000000	967.328312	1369729
3622	2636.000000	965.699505	1370478
3624	2640.000000	964.070475	1364348
3626	2644.000000	962.438670	1368537
3628	2648.000000	960.809329	1369000
3630	2652.000000	959.176370	1367101
3632	2656.000000	957.544167	1361586
3634	2660.000000	955.911347	1364641
3636	2664.000000	954.276214	1360264
3638	2668.000000	952.633652	1358497
3640	2672.000000	950.998453	1359052
3642	2676.000000	949.358809	1356004
3644	2680.000000	947.719981	1365491
3646	2684.000000	946.079279	1367420
3648	2688.000000	944.436576	1363836
3650	2692.000000	942.789500	1361647
3652	2696.000000	941.145849	1351243
3654	2700.000000	939.497076	1359111
3656	2704.000000	937.847685	1359566
3658	2708.000000	936.201280	1364042
3660	2712.000000	934.548521	1364452
3662	2716.000000	932.895245	1363774
3664	2720.000000	931.240600	1367866
3666	2724.000000	929.585481	1369328
3668	2728.000000	927.931416	1366866
3670	2732.000000	926.276885	1368405
3672	2736.000000	924.618295	1370393
3674	2740.000000	922.962126	1377453
3676	2744.000000	921.301880	1373271
3678	2748.000000	919.642651	1376112
3680	2752.000000	917.979970	1369003
3682	2756.000000	916.316362	1371911
3684	2760.000000	914.654504	1372463
3686	2764.000000	912.989113	1369467
3688	2768.000000	911.326142	1356713
3690	2772.000000	909.661333	1350795
3692	2776.000000	907.992569	1347163
3694	2780.000000	906.324260	1346867
3696	2784.000000	904.654956	1346877
3698	2788.000000	902.982938	1341391
3700	2792.000000	901.309283	1344606
3702	2796.000000	899.639638	1345398
3704	2800.000000	897.967557	1335831
3706	2804.000000	896.293435	1336229
3708	2808.000000	894.614622	1332057
3710	2812.000000	892.939463	1325411
3712	2816.000000	891.261303	1318293
3714	2820.000000	889.584380	1323761
3716	2824.000000	887.904280	1323429
3718	2828.000000	886.223796	1318438
3720	2832.000000	884.541973	1324667
3722	2836.000000	882.858778	1322696
3724	2840.000000	881.175315	1313968
3726	2844.000000	879.488739	1322736
3728	2848.000000	877.803150	1325042
3730	2852.000000	876.118896	1328711
3732	2856.000000	874.428836	1320641
3734	2860.000000	872.742786	1317843
3736	2864.000000	871.051821	1319211
3738	2868.000000	869.365536	1309675
3740	2872.000000	867.674188	1302867
3742	2876.000000	865.983126	1300163
3744	2880.000000	864.285464	1306824
3746	2884.000000	862.592173	1308626
3748	2888.000000	860.900114	1298756
3750	2892.000000	859.206446	1298981
3752	2896.000000	857.505444	1311506
3754	2900.000000	855.807882	1305400
3756	2904.000000	854.110976	1302279
3758	2908.000000	852.408753	1298487
3760	2912.000000	850.709463	1296147
3762	2916.000000	849.007031	1295427
3764	2920.000000	847.305749	1280166
3766	2924.000000	845.603396	1279839
3768	2928.000000	843.898387	1283655
3770	2932.000000	842.192778	1281537
3772	2936.000000	840.487526	1278139
3774	2940.000000	838.780063	1284636
3776	2944.000000	837.078095	1280511
3778	2948.000000	835.372496	1286792
3780	2952.000000	833.663798	1289179
3782	2956.000000	831.960434	1287642
3784	2960.000000	830.251429	1281745
3786	2964.000000	828.539224	1278049
3788	2968.000000	826.827806	1282160
3790	2972.000000	825.116264	1273012
3792	2976.000000	823.404344	1267789
3794	2980.000000	821.684803	1264415
3796	2984.000000	819.971649	1262336
3798	2988.000000	818.255165	1251630
3800	2992.000000	816.542112	1257721
3802	2996.000000	814.826747	1247582
3804	3000.000000	813.112489	1250725
3806	3004.000000	811.396887	1240848
3808	3008.000000	809.674461	1242575
3810	3012.000000	807.955198	1239877
3812	3016.000000	806.237576	1224288
3814	3020.000000	804.515305	1229476
3816	3024.000000	802.798654	1219563
3818	3028.000000	801.072938	1222705
3820	3032.000000	799.352145	1221817
3822	3036.000000	797.627943	1226816
3824	3040.000000	795.902135	1232685
3826	3044.000000	794.175342	1247467
3828	3048.000000	792.451657	1242598
3830	3052.000000	790.720534	1238517
3832	3056.000000	788.994130	1238156
3834	3060.000000	787.265844	1239200
3836	3064.000000	785.538030	1239883
3838	3068.000000	783.807936	1238057
3840	3072.000000	782.079085	1250088
3842	3076.000000	780.350199	1254392
3844	3080.000000	778.619027	1254025
3846	3084.000000	776.888149	1247119
3848	3088.000000	775.155523	1245644
3850	3092.000000	773.423838	1241203
3852	3096.000000	771.688867	1245211
3854	3100.000000	769.950953	1254948
3856	3104.000000	768.217597	1255029
3858	3108.000000	766.486744	1257666
3860	3112.000000	764.749538	1268436
3862	3116.000000	763.013945	1272185
3864	3120.000000	761.277582	1278525
3866	3124.000000	759.539082	1276891
3868	3128.000000	757.803426	1279230
3870	3132.000000	756.065141	1290577
3872	3136.000000	754.326190	1292670
3874	3140.000000	752.582949	1297855
3876	3144.000000	750.843701	1300876
3878	3148.000000	749.102392	1304912
3880	3152.000000	747.360150	1304398
3882	3156.000000	745.617860	1311312
3884	3160.000000	743.872734	1308937
3886	3164.000000	742.127674	1312255
3888	3168.000000	740.381892	1316881
3890	3172.000000	738.638390	1321395
3892	3176.000000	736.892837	1321052
3894	3180.000000	735.149795	1334608
3896	3184.000000	733.402515	1328759
3898	3188.000000	731.652886	1340077
3900	3192.000000	729.906418	1331065
3902	3196.000000	728.157925	1344433
3904	3200.000000	726.410247	1354371
3906	3204.000000	724.659642	1359423
3908	3208.000000	722.909099	1358918
3910	3212.000000	721.156172	1357111
3912	3216.000000	719.403556	1359061
3914	3220.000000	717.654765	1369256
3916	3224.000000	715.902717	1370251
3918	3228.000000	714.154705	1372991
3920	3232.000000	712.402986	1378341
3922	3236.000000	710.650965	1372491
3924	3240.000000	708.897227	1378229
3926	3244.000000	707.140622	1378820
3928	3248.000000	705.387831	1375563
3930	3252.000000	703.631454	1377451
3932	3256.000000	701.874619	1379052
3934	3260.000000	700.117017	1386385
3936	3264.000000	698.360114	1387519
3938	3268.000000	696.601154	1396431
3940	3272.000000	694.842946	1404190
3942	3276.000000	693.081895	1402786
3944	3280.000000	691.323600	1403219
3946	3284.000000	689.560482	1417647
3948	3288.000000	687.805859	1413838
3950	3292.000000	686.039379	1421631
3952	3296.000000	684.275108	1442417
3954	3300.000000	682.519460	1433271
3956	3304.000000	680.756990	1444608
3958	3308.000000	678.990563	1448980
3960	3312.000000	677.228970	1459562
3962	3316.000000	675.464548	1454688
3964	3320.000000	673.699147	1449285
3966	3324.000000	671.934289	1455824
3968	3328.000000	670.164554	1464399
3970	3332.000000	668.395136	1464179
3972	3336.000000	666.625043	1465507
3974	3340.000000	664.859477	1464806
3976	3344.000000	663.087340	1472118
3978	3348.000000	661.316487	1473618
3980	3352.000000	659.546539	1478847
3982	3356.000000	657.773914	1492580
3984	3360.000000	656.000548	1480945
3986	3364.000000	654.227840	1484822
3988	3368.000000	652.457222	1497146
3990	3372.000000	650.684188	1506975
3992	3376.000000	648.904808	1516635
3994	3380.000000	647.135950	1509394
3996	3384.000000	645.351241	1519299
3998	3388.000000	643.580950	1504608
4000	3392.000000	641.801856	1504441
4002	3396.000000	640.023704	1500513
4004	3400.000000	638.245395	1503550
4006	3404.000000	636.469549	1495061
4008	3408.000000	634.689956	1491203
4010	3412.000000	632.914344	1500886
4012	3416.000000	631.128986	1503801
4014	3420.000000	629.344408	1510468
4016	3424.000000	627.561701	1507447
4018	3428.000000	625.777030	1508570
4020	3432.000000	623.992144	1513450
4022	3436.000000	622.208064	1505565
4024	3440.000000	620.423311	1513494
4026	3444.000000	618.638899	1511564
4028	3448.000000	616.853894	1513222
4030	3452.000000	615.065021	1520623
4032	3456.000000	613.275560	1518048
4034	3460.000000	611.483741	1513491
4036	3464.000000	609.693177	1526320
4038	3468.000000	607.901196	1531926
4040	3472.000000	606.108663	1541104
4042	3476.000000	604.313237	1538325
4044	3480.000000	602.521510	1542532
4046	3484.000000	600.727881	1532507
4048	3488.000000	598.927547	1539868
4050	3492.000000	597.131347	1546527
4052	3496.000000	595.336802	1547550
4054	3500.000000	593.543056	1543118
4056	3504.000000	591.741010	1559041
4058	3508.000000	589.941407	1552413
4060	3512.000000	588.136324	1554977
4062	3516.000000	586.337604	1551504
4064	3520.000000	584.531442	1551130
4066	3524.000000	582.725371	1546415
4068	3528.000000	580.921405	1555786
4070	3532.000000	579.109779	1546692
4072	3536.000000	577.305660	1546201
4074	3540.000000	575.498940	1540315
4076	3544.000000	573.688434	1542722
4078	3548.000000	571.876563	1561854
4080	3552.000000	570.067387	1553823
4082	3556.000000	568.257127	1562790
4084	3560.000000	566.445807	1569090
4086	3564.000000	564.629008	1581220
4088	3568.000000	562.816276	1577436
4090	3572.000000	561.002771	1580451
4092	3576.000000	559.186353	1573943
4094	3580.000000	557.363870	1593887
4096	3584.000000	555.548810	1583320
4098	3588.000000	553.726913	1595375
4100	3592.000000	551.908215	1583187
4102	3596.000000	550.082169	1589775
4104	3600.000000	548.259717	1586495
4106	3604.000000	546.434387	1582167
4108	3608.000000	544.613132	1568450
4110	3612.000000	542.786367	1573011
4112	3616.000000	540.953779	1572689
4114	3620.000000	539.127772	1577466
4116	3624.000000	537.298780	1585843
4118	3628.000000	535.467471	1586409
4120	3632.000000	533.634421	1584249
4122	3636.000000	531.801372	1574721
4124	3640.000000	529.969082	1568560
4126	3644.000000	528.134197	1565138
4128	3648.000000	526.299610	1553682
4130	3652.000000	524.466152	1553528
4132	3656.000000	522.630685	1545750
4134	3660.000000	520.792546	1545707
4136	3664.000000	518.953796	1543374
4138	3668.000000	517.106690	1548852
4140	3672.000000	515.262466	1539930
4142	3676.000000	513.418235	1526163
4144	3680.000000	511.569330	1535649
4146	3684.000000	509.722245	1529965
4148	3688.000000	507.872938	1536177
4150	3692.000000	506.019750	1522105
4152	3696.000000	504.169759	1513399
4154	3700.000000	502.317139	1510292
4156	3704.000000	500.460423	1510627
4158	3708.000000	498.611502	1512207
4160	3712.000000	496.749481	1496378
4162	3716.000000	494.893694	1511422
4164	3720.000000	493.030922	1498540
4166	3724.000000	491.164762	1504661
4168	3728.000000	489.302318	1495836
4170	3732.000000	487.438607	1492841
4172	3736.000000	485.574041	1478684
4174	3740.000000	483.710478	1476553
4176	3744.000000	481.844137	1476530
4178	3748.000000	479.976616	1475619
4180	3752.000000	478.102461	1473123
4182	3756.000000	476.234510	1470359
4184	3760.000000	474.360828	1473656
4186	3764.000000	472.486251	1474806
4188	3768.000000	470.608036	1467694
4190	3772.000000	468.731122	1470260
4192	3776.000000	466.849913	1464572
4194	3780.000000	464.964309	1462975
4196	3784.000000	463.083940	1459595
4198	3788.000000	461.197937	1465456
4200	3792.000000	459.312697	1447365
4202	3796.000000	457.424853	1455284
4204	3800.000000	455.536104	1451781
4206	3804.000000	453.646441	1454227
4208	3808.000000	451.760383	1442531
4210	3812.000000	449.865802	1448653
4212	3816.000000	447.973230	1443326
4214	3820.000000	446.078951	1438636
4216	3824.000000	444.182222	1423857
4218	3828.000000	442.282035	1418418
4220	3832.000000	440.382750	1420888
4222	3836.000000	438.481950	1412091
4224	3840.000000	436.576626	1416743
4226	3844.000000	434.670440	1409311
4228	3848.000000	432.765001	1408694
4230	3852.000000	430.856645	1416441
4232	3856.000000	428.942135	1408301
4234	3860.000000	427.031666	1410279
4236	3864.000000	425.121555	1414342
4238	3868.000000	423.201727	1418887
4240	3872.000000	421.290962	1413581
4242	3876.000000	419.368750	1402945
4244	3880.000000	417.446533	1406609
4246	3884.000000	415.521279	1402387
4248	3888.000000	413.599558	1390621
4250	3892.000000	411.667214	1396619
4252	3896.000000	409.743091	1401997
4254	3900.000000	407.812924	1398606
4256	3904.000000	405.883656	1404497
4258	3908.000000	403.944910	1421983
4260	3912.000000	402.011040	1408953
4262	3916.000000	400.072401	1415914
4264	3920.000000	398.132051	1414187
4266	3924.000000	396.191252	1414745
4268	3928.000000	394.245568	1412554
4270	3932.000000	392.300716	1413904
4272	3936.000000	390.358340	1416883
4274	3940.000000	388.409244	1424580
4276	3944.000000	386.459316	1430453
4278	3948.000000	384.507782	1416245
4280	3952.000000	382.558281	1416771
4282	3956.000000	380.596387	1415269
4284	3960.000000	378.635069	1417449
4286	3964.000000	376.674587	1420489
4288	3968.000000	374.709070	1427275
4290	3972.000000	372.740686	1431798
4292	3976.000000	370.773740	1430529
4294	3980.000000	368.799215	1424712
4296	3984.000000	366.830175	1422917
4298	3988.000000	364.849743	1412907
4300	3992.000000	362.871618	1411848
4302	3996.000000	360.893142	1407117
4304	4000.000000	358.915156	1404639
4306	4004.000000	356.927373	1405857
4308	4008.000000	354.947580	1389102
4310	4012.000000	352.958423	1413465
4312	4016.000000	350.966619	1407824
4314	4020.000000	348.983510	1407734
4316	4024.000000	346.980841	1403967
4318	4028.000000	344.985203	1420116
4320	4032.000000	342.986537	1413255
4322	4036.000000	340.984185	1415662
4324	4040.000000	338.975108	1428363
4326	4044.000000	336.969422	1433948
4328	4048.000000	334.959694	1417409
4330	4052.000000	332.945147	1423238
4332	4056.000000	330.935086	1408784
4334	4060.000000	328.918970	1405692
4336	4064.000000	326.899915	1416320
4338	4068.000000	324.874584	1423919
4340	4072.000000	322.849122	1422129
4342	4076.000000	320.822313	1422149
4344	4080.000000	318.786513	1438652
4346	4084.000000	316.759054	1438200
4348	4088.000000	314.718580	1446337
4350	4092.000000	312.689093	1437905
4352	4096.000000	310.647488	1431270
4354	4100.000000	308.603453	1454191
4356	4104.000000	306.553418	1435010
4358	4108.000000	304.500357	1447711
4360	4112.000000	302.449768	1425082
4362	4116.000000	300.391094	1443101
4364	4120.000000	298.332398	1443070
4366	4124.000000	296.273554	1442945
4368	4128.000000	294.206058	1438976
4370	4132.000000	292.140665	1428539
4372	4136.000000	290.064269	1454151
4374	4140.000000	288.000007	1442814
4376	4144.000000	285.916165	1456741
4378	4148.000000	283.831149	1454911
4380	4152.000000	281.746611	1455537
4382	4156.000000	279.659631	1464140
4384	4160.000000	277.573302	1447187
4386	4164.000000	275.482770	1442335
4388	4168.000000	273.384962	1439855
4390	4172.000000	271.289264	1437748
4392	4176.000000	269.185704	1440377
4394	4180.000000	267.075976	1454013
4396	4184.000000	264.967705	1434124
4398	4188.000000	262.855652	1422927
4400	4192.000000	260.738668	1432826
4402	4196.000000	258.619057	1421687
4404	4200.000000	256.491650	1426315
4406	4204.000000	254.365203	1427049
4408	4208.000000	252.234396	1414390
4410	4212.000000	250.101347	1412228
4412	4216.000000	247.961018	1413122
4414	4220.000000	245.818666	1411326
4416	4224.000000	243.671318	1416036
4418	4228.000000	241.518520	1440270
4420	4232.000000	239.369190	1419531
4422	4236.000000	237.204312	1431949
4424	4240.000000	235.051617	1422219
4426	4244.000000	232.880765	1426483
4428	4248.000000	230.715694	1425247
4430	4252.000000	228.532038	1433068
4432	4256.000000	226.358564	1418574
4434	4260.000000	224.174792	1411562
4436	4264.000000	221.985896	1411390
4438	4268.000000	219.795230	1407871
4440	4272.000000	217.597561	1430028
4442	4276.000000	215.392870	1406324
4444	4280.000000	213.181317	1434830
4446	4284.000000	210.972920	1415951
4448	4288.000000	208.761113	1415464
4450	4292.000000	206.534411	1416735
4452	4296.000000	204.308012	1428458
4454	4300.000000	202.082648	1428153
4456	4304.000000	199.848393	1436215
4458	4308.000000	197.599514	1430926
4460	4312.000000	195.357155	1423081
4462	4316.000000	193.107445	1419084
4464	4320.000000	190.849686	1422819
4466	4324.000000	188.584660	1423457
4468	4328.000000	186.317135	1430784
4470	4332.000000	184.036458	1454479
4472	4336.000000	181.761857	1425739
4474	4340.000000	179.479377	1414807
4476	4344.000000	177.186388	1402686
4478	4348.000000	174.883536	1399580
4480	4352.000000	172.579981	1406258
4482	4356.000000	170.269296	1406166
4484	4360.000000	167.958503	1385488
4486	4364.000000	165.632367	1400427
4488	4368.000000	163.309011	1411649
4490	4372.000000	160.973604	1424031
4492	4376.000000	158.637754	1420073
4494	4380.000000	156.288066	1424752
4496	4384.000000	153.930747	1412218
4498	4388.000000	151.568261	1396877
4500	4392.000000	149.197807	1398410
4502	4396.000000	146.818057	1392885
4504	4400.000000	144.439875	1383349
4506	4404.000000	142.048992	1405949
4508	4408.000000	139.649230	1388848
4510	4412.000000	137.240329	1384790
4512	4416.000000	134.811916	1382793
4514	4420.000000	132.400803	1401164
4516	4424.000000	129.955086	1406361
4518	4428.000000	127.515261	1370972
4520	4432.000000	125.065070	1380656
4522	4436.000000	122.601782	1386505
4524	4440.000000	120.129013	1390002
4526	4444.000000	117.645596	1387985
4528	4448.000000	115.148179	1386662
4530	4452.000000	112.640507	1374113
4532	4456.000000	110.129916	1371942
4534	4460.000000	107.605592	1373615
4536	4464.000000	105.079330	1372617
4538	4468.000000	102.531318	1392315
4540	4472.000000	99.979120	1383952
4542	4476.000000	97.396695	1368771
4544	4480.000000	94.826613	1366361
4546	4484.000000	92.213867	1374272
4548	4488.000000	89.629802	1334160
4550	4492.000000	86.975837	1348224
4552	4496.000000	84.362990	1334002
4554	4500.000000	81.667130	1318728
4556	4504.000000	79.048356	1324005
4558	4508.000000	76.311454	1300764
4560	4512.000000	73.670289	1290201
4562	4516.000000	70.870515	1328030
4564	4520.000000	68.239143	1319545
4566	4524.000000	65.369921	1321782
4568	4528.000000	62.742144	1310541
4570	4532.000000	59.768708	1330497
4572	4536.000000	57.147619	1305810
4574	4540.000000	54.056688	1326033
4576	4544.000000	51.488506	1310620
4578	4548.000000	48.225904	1371749
4580	4552.000000	45.746294	1316236
4582	4556.000000	42.262879	1317303
4584	4560.000000	39.878640	1290477
4586	4564.000000	36.129537	1303772
4588	4568.000000	33.874759	1298120
4590	4572.000000	29.753028	1237265
4592	4576.000000	27.723110	1225083
4594	4580.000000	23.152992	1176361
4596	4584.000000	21.372128	1206999
4598	4588.000000	16.139790	1141764
4600	4592.000000	14.772558	1158364
4602	4596.000000	8.469162	1189381
4604	4600.000000	7.768379	1145015
4608	4608.000000	0.174000	1179510
