T	Ut	Ft	St	Ct
0.0100	-nan	-inf	-nan	-nan
0.0200	-2.0000	-2.0000	0.0000	0.0000
0.0300	-2.0000	-2.0000	0.0000	0.0000
0.0400	-2.0000	-2.0000	0.0000	0.0000
0.0500	-2.0000	-2.0000	0.0000	0.0000
0.0600	-2.0000	-2.0000	0.0000	0.0000
0.0700	-2.0000	-2.0000	0.0000	0.0000
0.0800	-2.0000	-2.0000	0.0000	0.0000
0.0900	-2.0000	-2.0000	0.0000	0.0000
0.1000	-2.0000	-2.0000	0.0000	0.0000
0.1100	-2.0000	-2.0000	0.0000	0.0000
0.1200	-2.0000	-2.0000	0.0000	0.0000
0.1300	-2.0000	-2.0000	0.0000	0.0000
0.1400	-2.0000	-2.0000	0.0000	0.0000
0.1500	-2.0000	-2.0000	0.0000	0.0000
0.1600	-2.0000	-2.0000	0.0000	0.0000
0.1700	-2.0000	-2.0000	0.0000	0.0000
0.1800	-2.0000	-2.0000	-0.0000	-0.0000
0.1900	-2.0000	-2.0000	0.0000	-0.0000
0.2000	-2.0000	-2.0000	0.0000	-0.0000
0.2100	-2.0000	-2.0000	0.0000	0.0000
0.2200	-2.0000	-2.0000	0.0000	0.0000
0.2300	-2.0000	-2.0000	0.0000	0.0000
0.2400	-2.0000	-2.0000	0.0000	0.0000
0.2500	-2.0000	-2.0000	0.0000	-0.0000
0.2600	-2.0000	-2.0000	0.0000	0.0000
0.2700	-2.0000	-2.0000	0.0000	0.0000
0.2800	-2.0000	-2.0000	0.0000	0.0000
0.2900	-2.0000	-2.0000	0.0000	0.0000
0.3000	-2.0000	-2.0000	0.0000	0.0000
0.3100	-2.0000	-2.0000	0.0000	0.0000
0.3200	-2.0000	-2.0000	0.0000	0.0000
0.3300	-2.0000	-2.0000	0.0000	0.0000
0.3400	-2.0000	-2.0000	0.0000	0.0000
0.3500	-2.0000	-2.0000	0.0000	0.0000
0.3600	-2.0000	-2.0000	0.0000	0.0000
0.3700	-2.0000	-2.0000	0.0000	0.0000
0.3800	-2.0000	-2.0000	0.0000	0.0000
0.3900	-2.0000	-2.0000	0.0000	0.0000
0.4000	-2.0000	-2.0000	0.0000	0.0000
0.4100	-2.0000	-2.0000	0.0000	0.0000
0.4200	-2.0000	-2.0000	0.0000	0.0000
0.4300	-2.0000	-2.0000	0.0000	0.0000
0.4400	-2.0000	-2.0000	0.0000	0.0000
0.4500	-2.0000	-2.0000	0.0000	0.0000
0.4600	-2.0000	-2.0000	0.0000	0.0000
0.4700	-2.0000	-2.0000	0.0000	0.0000
0.4800	-2.0000	-2.0000	0.0000	0.0000
0.4900	-2.0000	-2.0000	0.0000	0.0000
0.5000	-2.0000	-2.0000	0.0000	0.0000
0.5100	-2.0000	-2.0000	0.0000	0.0000
0.5200	-2.0000	-2.0000	0.0000	0.0000
0.5300	-2.0000	-2.0000	0.0000	0.0001
0.5400	-2.0000	-2.0000	0.0000	0.0001
0.5500	-2.0000	-2.0000	0.0000	0.0001
0.5600	-2.0000	-2.0000	0.0000	0.0001
0.5700	-2.0000	-2.0000	0.0000	0.0001
0.5800	-2.0000	-2.0000	0.0000	0.0002
0.5900	-2.0000	-2.0000	0.0000	0.0002
0.6000	-2.0000	-2.0000	0.0000	0.0003
0.6100	-2.0000	-2.0000	0.0000	0.0003
0.6200	-2.0000	-2.0000	0.0000	0.0004
0.6300	-2.0000	-2.0000	0.0000	0.0004
0.6400	-2.0000	-2.0000	0.0000	0.0005
0.6500	-2.0000	-2.0000	0.0001	0.0006
0.6600	-2.0000	-2.0000	0.0001	0.0007
0.6700	-2.0000	-2.0000	0.0001	0.0008
0.6800	-1.9999	-2.0000	0.0001	0.0010
0.6900	-1.9999	-2.0000	0.0001	0.0011
0.7000	-1.9999	-2.0000	0.0001	0.0013
0.7100	-1.9999	-2.0000	0.0001	0.0014
0.7200	-1.9999	-2.0000	0.0002	0.0016
0.7300	-1.9999	-2.0000	0.0002	0.0019
0.7400	-1.9999	-2.0000	0.0002	0.0021
0.7500	-1.9998	-2.0000	0.0002	0.0024
0.7600	-1.9998	-2.0000	0.0003	0.0027
0.7700	-1.9998	-2.0000	0.0003	0.0030
0.7800	-1.9997	-2.0000	0.0004	0.0033
0.7900	-1.9997	-2.0000	0.0004	0.0037
0.8000	-1.9997	-2.0000	0.0004	0.0041
0.8100	-1.9996	-2.0000	0.0005	0.0046
0.8200	-1.9996	-2.0000	0.0006	0.0051
0.8300	-1.9995	-2.0000	0.0006	0.0056
0.8400	-1.9995	-2.0001	0.0007	0.0061
0.8500	-1.9994	-2.0001	0.0008	0.0067
0.8600	-1.9993	-2.0001	0.0009	0.0073
0.8700	-1.9993	-2.0001	0.0009	0.0080
0.8800	-1.9992	-2.0001	0.0010	0.0087
0.8900	-1.9991	-2.0001	0.0011	0.0095
0.9000	-1.9990	-2.0001	0.0013	0.0103
0.9100	-1.9989	-2.0001	0.0014	0.0112
0.9200	-1.9988	-2.0001	0.0015	0.0121
0.9300	-1.9986	-2.0002	0.0016	0.0131
0.9400	-1.9985	-2.0002	0.0018	0.0141
0.9500	-1.9984	-2.0002	0.0019	0.0152
0.9600	-1.9982	-2.0002	0.0021	0.0164
0.9700	-1.9980	-2.0002	0.0023	0.0176
0.9800	-1.9978	-2.0003	0.0025	0.0189
0.9900	-1.9976	-2.0003	0.0027	0.0203
1.0000	-1.9974	-2.0003	0.0029	0.0217
1.0100	-1.9972	-2.0003	0.0031	0.0232
1.0200	-1.9970	-2.0004	0.0033	0.0248
1.0300	-1.9967	-2.0004	0.0036	0.0265
1.0400	-1.9964	-2.0004	0.0038	0.0282
1.0500	-1.9961	-2.0005	0.0041	0.0300
1.0600	-1.9958	-2.0005	0.0044	0.0319
1.0700	-1.9955	-2.0006	0.0047	0.0339
1.0800	-1.9952	-2.0006	0.0051	0.0360
1.0900	-1.9948	-2.0007	0.0054	0.0382
1.1000	-1.9944	-2.0007	0.0058	0.0404
1.1100	-1.9940	-2.0008	0.0061	0.0427
1.1200	-1.9935	-2.0009	0.0065	0.0451
1.1300	-1.9931	-2.0009	0.0069	0.0476
1.1400	-1.9926	-2.0010	0.0074	0.0502
1.1500	-1.9921	-2.0011	0.0078	0.0528
1.1600	-1.9915	-2.0011	0.0083	0.0556
1.1700	-1.9910	-2.0012	0.0088	0.0584
1.1800	-1.9904	-2.0013	0.0093	0.0612
1.1900	-1.9897	-2.0014	0.0098	0.0642
1.2000	-1.9891	-2.0015	0.0104	0.0672
1.2100	-1.9884	-2.0016	0.0109	0.0703
1.2200	-1.9877	-2.0017	0.0115	0.0735
1.2300	-1.9869	-2.0019	0.0121	0.0767
1.2400	-1.9861	-2.0020	0.0128	0.0801
1.2500	-1.9853	-2.0021	0.0134	0.0835
1.2600	-1.9845	-2.0022	0.0141	0.0870
1.2700	-1.9836	-2.0024	0.0148	0.0906
1.2800	-1.9827	-2.0025	0.0155	0.0943
1.2900	-1.9817	-2.0027	0.0163	0.0981
1.3000	-1.9807	-2.0029	0.0171	0.1019
1.3100	-1.9797	-2.0030	0.0179	0.1058
1.3200	-1.9786	-2.0032	0.0187	0.1099
1.3300	-1.9775	-2.0034	0.0195	0.1140
1.3400	-1.9763	-2.0036	0.0204	0.1182
1.3500	-1.9751	-2.0038	0.0213	0.1224
1.3600	-1.9739	-2.0040	0.0222	0.1268
1.3700	-1.9726	-2.0043	0.0231	0.1312
1.3800	-1.9712	-2.0045	0.0241	0.1357
1.3900	-1.9698	-2.0048	0.0251	0.1403
1.4000	-1.9684	-2.0050	0.0261	0.1450
1.4100	-1.9669	-2.0053	0.0272	0.1498
1.4200	-1.9654	-2.0056	0.0283	0.1548
1.4300	-1.9639	-2.0058	0.0294	0.1598
1.4400	-1.9622	-2.0061	0.0305	0.1649
1.4500	-1.9606	-2.0065	0.0317	0.1701
1.4600	-1.9588	-2.0068	0.0328	0.1754
1.4700	-1.9570	-2.0071	0.0341	0.1808
1.4800	-1.9552	-2.0075	0.0353	0.1863
1.4900	-1.9533	-2.0078	0.0366	0.1919
1.5000	-1.9514	-2.0082	0.0379	0.1975
1.5100	-1.9494	-2.0086	0.0392	0.2033
1.5200	-1.9473	-2.0090	0.0406	0.2091
1.5300	-1.9452	-2.0094	0.0420	0.2150
1.5400	-1.9430	-2.0098	0.0434	0.2211
1.5500	-1.9408	-2.0103	0.0448	0.2274
1.5600	-1.9385	-2.0107	0.0463	0.2338
1.5700	-1.9361	-2.0112	0.0478	0.2404
1.5800	-1.9336	-2.0117	0.0494	0.2472
1.5900	-1.9311	-2.0122	0.0510	0.2542
1.6000	-1.9286	-2.0127	0.0526	0.2614
1.6100	-1.9259	-2.0132	0.0542	0.2687
1.6200	-1.9232	-2.0138	0.0559	0.2762
1.6300	-1.9204	-2.0143	0.0576	0.2839
1.6400	-1.9175	-2.0149	0.0594	0.2916
1.6500	-1.9146	-2.0155	0.0612	0.2995
1.6600	-1.9115	-2.0161	0.0630	0.3074
1.6700	-1.9084	-2.0168	0.0649	0.3155
1.6800	-1.9052	-2.0174	0.0668	0.3237
1.6900	-1.9019	-2.0181	0.0688	0.3321
1.7000	-1.8986	-2.0188	0.0707	0.3407
1.7100	-1.8951	-2.0195	0.0728	0.3496
1.7200	-1.8916	-2.0203	0.0748	0.3587
1.7300	-1.8879	-2.0210	0.0769	0.3680
1.7400	-1.8842	-2.0218	0.0791	0.3776
1.7500	-1.8804	-2.0226	0.0813	0.3874
1.7600	-1.8765	-2.0234	0.0835	0.3975
1.7700	-1.8724	-2.0243	0.0858	0.4077
1.7800	-1.8683	-2.0252	0.0881	0.4181
1.7900	-1.8641	-2.0260	0.0905	0.4286
1.8000	-1.8597	-2.0270	0.0929	0.4393
1.8100	-1.8553	-2.0279	0.0954	0.4501
1.8200	-1.8507	-2.0289	0.0979	0.4609
1.8300	-1.8461	-2.0299	0.1004	0.4720
1.8400	-1.8413	-2.0309	0.1030	0.4832
1.8500	-1.8364	-2.0319	0.1057	0.4946
1.8600	-1.8314	-2.0330	0.1084	0.5064
1.8700	-1.8263	-2.0341	0.1111	0.5184
1.8800	-1.8210	-2.0352	0.1139	0.5309
1.8900	-1.8157	-2.0364	0.1168	0.5439
1.9000	-1.8102	-2.0376	0.1197	0.5573
1.9100	-1.8045	-2.0388	0.1226	0.5713
1.9200	-1.7987	-2.0400	0.1257	0.5859
1.9300	-1.7928	-2.0413	0.1288	0.6010
1.9400	-1.7867	-2.0426	0.1319	0.6168
1.9500	-1.7805	-2.0439	0.1351	0.6331
1.9600	-1.7740	-2.0453	0.1384	0.6501
1.9700	-1.7674	-2.0467	0.1417	0.6676
1.9800	-1.7607	-2.0481	0.1452	0.6858
1.9900	-1.7537	-2.0496	0.1487	0.7046
2.0000	-1.7466	-2.0511	0.1523	0.7241
2.0100	-1.7392	-2.0526	0.1559	0.7445
2.0200	-1.7317	-2.0542	0.1597	0.7657
2.0300	-1.7239	-2.0558	0.1635	0.7879
2.0400	-1.7159	-2.0575	0.1674	0.8110
2.0500	-1.7077	-2.0592	0.1714	0.8350
2.0600	-1.6992	-2.0609	0.1756	0.8597
2.0700	-1.6905	-2.0627	0.1798	0.8852
2.0800	-1.6815	-2.0645	0.1841	0.9114
2.0900	-1.6723	-2.0664	0.1886	0.9385
2.1000	-1.6628	-2.0683	0.1931	0.9666
2.1100	-1.6529	-2.0702	0.1978	0.9963
2.1200	-1.6428	-2.0722	0.2026	1.0280
2.1300	-1.6324	-2.0743	0.2075	1.0623
2.1400	-1.6216	-2.0764	0.2125	1.0998
2.1500	-1.6104	-2.0785	0.2178	1.1410
2.1600	-1.5987	-2.0807	0.2232	1.1864
2.1700	-1.5866	-2.0830	0.2287	1.2368
2.1800	-1.5740	-2.0853	0.2346	1.2930
2.1900	-1.5607	-2.0877	0.2406	1.3560
2.2000	-1.5468	-2.0901	0.2470	1.4272
2.2100	-1.5322	-2.0926	0.2536	1.5076
2.2200	-1.5166	-2.0952	0.2606	1.5979
2.2300	-1.5002	-2.0978	0.2680	1.6974
2.2400	-1.4827	-2.1006	0.2758	1.8032
2.2500	-1.4641	-2.1034	0.2841	1.9086
2.2600	-1.4445	-2.1062	0.2928	2.0037
2.2700	-1.4241	-2.1092	0.3018	2.0753
2.2800	-1.4031	-2.1123	0.3110	2.1110
2.2900	-1.3820	-2.1154	0.3203	2.1028
2.3000	-1.3612	-2.1187	0.3293	2.0508
2.3100	-1.3411	-2.1220	0.3380	1.9633
2.3200	-1.3220	-2.1254	0.3463	1.8535
2.3300	-1.3041	-2.1290	0.3540	1.7353
2.3400	-1.2873	-2.1325	0.3612	1.6197
2.3500	-1.2717	-2.1362	0.3679	1.5134
2.3600	-1.2570	-2.1399	0.3741	1.4195
2.3700	-1.2432	-2.1437	0.3799	1.3384
2.3800	-1.2302	-2.1475	0.3854	1.2691
2.3900	-1.2178	-2.1514	0.3906	1.2100
2.4000	-1.2060	-2.1553	0.3955	1.1591
2.4100	-1.1946	-2.1593	0.4003	1.1150
2.4200	-1.1837	-2.1633	0.4048	1.0762
2.4300	-1.1731	-2.1674	0.4092	1.0416
2.4400	-1.1628	-2.1715	0.4134	1.0102
2.4500	-1.1529	-2.1756	0.4175	0.9814
2.4600	-1.1432	-2.1798	0.4214	0.9548
2.4700	-1.1338	-2.1841	0.4252	0.9299
2.4800	-1.1246	-2.1883	0.4289	0.9065
2.4900	-1.1156	-2.1926	0.4325	0.8845
2.5000	-1.1069	-2.1970	0.4360	0.8638
2.5100	-1.0984	-2.2014	0.4394	0.8442
2.5200	-1.0900	-2.2058	0.4428	0.8257
2.5300	-1.0818	-2.2102	0.4460	0.8082
2.5400	-1.0738	-2.2147	0.4492	0.7916
2.5500	-1.0660	-2.2192	0.4522	0.7758
2.5600	-1.0583	-2.2237	0.4552	0.7607
2.5700	-1.0508	-2.2283	0.4582	0.7463
2.5800	-1.0434	-2.2329	0.4610	0.7325
2.5900	-1.0361	-2.2375	0.4639	0.7193
2.6000	-1.0290	-2.2422	0.4666	0.7064
2.6100	-1.0220	-2.2469	0.4693	0.6940
2.6200	-1.0151	-2.2516	0.4719	0.6820
2.6300	-1.0084	-2.2563	0.4745	0.6703
2.6400	-1.0017	-2.2611	0.4770	0.6589
2.6500	-0.9952	-2.2658	0.4795	0.6479
2.6600	-0.9888	-2.2706	0.4819	0.6371
2.6700	-0.9824	-2.2755	0.4843	0.6266
2.6800	-0.9762	-2.2803	0.4866	0.6164
2.6900	-0.9701	-2.2852	0.4889	0.6066
2.7000	-0.9641	-2.2901	0.4911	0.5970
2.7100	-0.9582	-2.2950	0.4933	0.5876
2.7200	-0.9523	-2.3000	0.4955	0.5786
2.7300	-0.9466	-2.3049	0.4976	0.5698
2.7400	-0.9409	-2.3099	0.4996	0.5612
2.7500	-0.9354	-2.3149	0.5017	0.5529
2.7600	-0.9299	-2.3200	0.5036	0.5449
2.7700	-0.9245	-2.3250	0.5056	0.5371
2.7800	-0.9191	-2.3301	0.5075	0.5295
2.7900	-0.9139	-2.3351	0.5094	0.5221
2.8000	-0.9087	-2.3403	0.5113	0.5149
2.8100	-0.9036	-2.3454	0.5131	0.5080
2.8200	-0.8985	-2.3505	0.5149	0.5012
2.8300	-0.8936	-2.3557	0.5166	0.4947
2.8400	-0.8886	-2.3608	0.5184	0.4883
2.8500	-0.8838	-2.3660	0.5201	0.4822
2.8600	-0.8790	-2.3712	0.5218	0.4762
2.8700	-0.8743	-2.3765	0.5234	0.4703
2.8800	-0.8696	-2.3817	0.5250	0.4646
2.8900	-0.8650	-2.3870	0.5266	0.4591
2.9000	-0.8604	-2.3923	0.5282	0.4537
2.9100	-0.8559	-2.3975	0.5298	0.4483
2.9200	-0.8514	-2.4028	0.5313	0.4431
2.9300	-0.8470	-2.4082	0.5328	0.4379
2.9400	-0.8427	-2.4135	0.5343	0.4328
2.9500	-0.8384	-2.4189	0.5358	0.4278
2.9600	-0.8341	-2.4242	0.5372	0.4228
2.9700	-0.8299	-2.4296	0.5386	0.4179
2.9800	-0.8258	-2.4350	0.5400	0.4130
2.9900	-0.8217	-2.4404	0.5414	0.4082
3.0000	-0.8176	-2.4458	0.5427	0.4034
3.0100	-0.8136	-2.4513	0.5441	0.3988
3.0200	-0.8096	-2.4567	0.5454	0.3941
3.0300	-0.8057	-2.4622	0.5467	0.3896
3.0400	-0.8018	-2.4676	0.5480	0.3851
3.0500	-0.7980	-2.4731	0.5492	0.3808
3.0600	-0.7942	-2.4786	0.5505	0.3765
3.0700	-0.7905	-2.4841	0.5517	0.3723
3.0800	-0.7868	-2.4896	0.5529	0.3682
3.0900	-0.7831	-2.4952	0.5541	0.3641
3.1000	-0.7795	-2.5007	0.5552	0.3602
3.1100	-0.7759	-2.5063	0.5564	0.3564
3.1200	-0.7724	-2.5119	0.5575	0.3526
3.1300	-0.7689	-2.5174	0.5587	0.3489
3.1400	-0.7654	-2.5230	0.5598	0.3453
3.1500	-0.7620	-2.5286	0.5609	0.3418
3.1600	-0.7586	-2.5342	0.5619	0.3383
3.1700	-0.7552	-2.5399	0.5630	0.3349
3.1800	-0.7519	-2.5455	0.5640	0.3316
3.1900	-0.7486	-2.5512	0.5651	0.3283
3.2000	-0.7453	-2.5568	0.5661	0.3251
3.2100	-0.7421	-2.5625	0.5671	0.3219
3.2200	-0.7389	-2.5682	0.5681	0.3187
3.2300	-0.7357	-2.5738	0.5691	0.3156
3.2400	-0.7325	-2.5795	0.5701	0.3126
3.2500	-0.7294	-2.5852	0.5710	0.3096
3.2600	-0.7263	-2.5910	0.5720	0.3066
3.2700	-0.7233	-2.5967	0.5729	0.3037
3.2800	-0.7203	-2.6024	0.5738	0.3009
3.2900	-0.7173	-2.6082	0.5747	0.2980
3.3000	-0.7143	-2.6139	0.5756	0.2952
3.3100	-0.7114	-2.6197	0.5765	0.2925
3.3200	-0.7085	-2.6254	0.5774	0.2898
3.3300	-0.7056	-2.6312	0.5783	0.2871
3.3400	-0.7027	-2.6370	0.5791	0.2845
3.3500	-0.6999	-2.6428	0.5800	0.2819
3.3600	-0.6971	-2.6486	0.5808	0.2793
3.3700	-0.6943	-2.6544	0.5816	0.2768
3.3800	-0.6915	-2.6602	0.5825	0.2743
3.3900	-0.6888	-2.6661	0.5833	0.2718
3.4000	-0.6861	-2.6719	0.5841	0.2694
3.4100	-0.6834	-2.6777	0.5848	0.2671
3.4200	-0.6808	-2.6836	0.5856	0.2647
3.4300	-0.6781	-2.6895	0.5864	0.2624
3.4400	-0.6755	-2.6953	0.5872	0.2601
3.4500	-0.6729	-2.7012	0.5879	0.2579
3.4600	-0.6704	-2.7071	0.5886	0.2556
3.4700	-0.6678	-2.7130	0.5894	0.2535
3.4800	-0.6653	-2.7189	0.5901	0.2513
3.4900	-0.6628	-2.7248	0.5908	0.2492
3.5000	-0.6603	-2.7307	0.5915	0.2471
3.5100	-0.6578	-2.7366	0.5922	0.2450
3.5200	-0.6554	-2.7425	0.5929	0.2430
3.5300	-0.6530	-2.7485	0.5936	0.2410
3.5400	-0.6506	-2.7544	0.5943	0.2390
3.5500	-0.6482	-2.7604	0.5950	0.2371
3.5600	-0.6458	-2.7663	0.5956	0.2351
3.5700	-0.6435	-2.7723	0.5963	0.2332
3.5800	-0.6412	-2.7782	0.5969	0.2314
3.5900	-0.6389	-2.7842	0.5976	0.2296
3.6000	-0.6366	-2.7902	0.5982	0.2278
3.6100	-0.6343	-2.7962	0.5988	0.2260
3.6200	-0.6321	-2.8022	0.5995	0.2242
3.6300	-0.6298	-2.8082	0.6001	0.2225
3.6400	-0.6276	-2.8142	0.6007	0.2208
3.6500	-0.6254	-2.8202	0.6013	0.2191
3.6600	-0.6232	-2.8262	0.6019	0.2175
3.6700	-0.6211	-2.8322	0.6025	0.2158
3.6800	-0.6189	-2.8382	0.6031	0.2142
3.6900	-0.6168	-2.8443	0.6037	0.2126
3.7000	-0.6147	-2.8503	0.6042	0.2111
3.7100	-0.6126	-2.8564	0.6048	0.2095
3.7200	-0.6105	-2.8624	0.6054	0.2080
3.7300	-0.6084	-2.8685	0.6059	0.2065
3.7400	-0.6064	-2.8745	0.6065	0.2050
3.7500	-0.6043	-2.8806	0.6070	0.2035
3.7600	-0.6023	-2.8867	0.6075	0.2021
3.7700	-0.6003	-2.8927	0.6081	0.2006
3.7800	-0.5983	-2.8988	0.6086	0.1992
3.7900	-0.5963	-2.9049	0.6091	0.1978
3.8000	-0.5943	-2.9110	0.6097	0.1964
3.8100	-0.5924	-2.9171	0.6102	0.1950
3.8200	-0.5904	-2.9232	0.6107	0.1937
3.8300	-0.5885	-2.9293	0.6112	0.1923
3.8400	-0.5866	-2.9354	0.6117	0.1910
3.8500	-0.5847	-2.9416	0.6122	0.1897
3.8600	-0.5828	-2.9477	0.6127	0.1884
3.8700	-0.5809	-2.9538	0.6132	0.1871
3.8800	-0.5790	-2.9599	0.6136	0.1858
3.8900	-0.5772	-2.9661	0.6141	0.1845
3.9000	-0.5753	-2.9722	0.6146	0.1833
3.9100	-0.5735	-2.9784	0.6151	0.1820
3.9200	-0.5717	-2.9845	0.6155	0.1808
3.9300	-0.5699	-2.9907	0.6160	0.1796
3.9400	-0.5681	-2.9968	0.6164	0.1784
3.9500	-0.5663	-3.0030	0.6169	0.1772
3.9600	-0.5646	-3.0092	0.6173	0.1760
3.9700	-0.5628	-3.0154	0.6178	0.1749
3.9800	-0.5611	-3.0215	0.6182	0.1737
3.9900	-0.5593	-3.0277	0.6186	0.1726
4.0000	-0.5576	-3.0339	0.6191	0.1714
4.0100	-0.5559	-3.0401	0.6195	0.1703
4.0200	-0.5542	-3.0463	0.6199	0.1692
4.0300	-0.5525	-3.0525	0.6203	0.1681
4.0400	-0.5508	-3.0587	0.6208	0.1670
4.0500	-0.5492	-3.0649	0.6212	0.1660
4.0600	-0.5475	-3.0711	0.6216	0.1649
4.0700	-0.5459	-3.0773	0.6220	0.1638
4.0800	-0.5442	-3.0836	0.6224	0.1628
4.0900	-0.5426	-3.0898	0.6228	0.1618
4.1000	-0.5410	-3.0960	0.6232	0.1607
4.1100	-0.5394	-3.1023	0.6236	0.1597
4.1200	-0.5378	-3.1085	0.6240	0.1587
4.1300	-0.5362	-3.1147	0.6243	0.1577
4.1400	-0.5347	-3.1210	0.6247	0.1567
4.1500	-0.5331	-3.1272	0.6251	0.1558
4.1600	-0.5315	-3.1335	0.6255	0.1548
4.1700	-0.5300	-3.1397	0.6258	0.1538
4.1800	-0.5285	-3.1460	0.6262	0.1529
4.1900	-0.5269	-3.1523	0.6266	0.1519
4.2000	-0.5254	-3.1585	0.6269	0.1510
4.2100	-0.5239	-3.1648	0.6273	0.1501
4.2200	-0.5224	-3.1711	0.6276	0.1492
4.2300	-0.5209	-3.1774	0.6280	0.1483
4.2400	-0.5195	-3.1836	0.6283	0.1473
4.2500	-0.5180	-3.1899	0.6287	0.1465
4.2600	-0.5165	-3.1962	0.6290	0.1456
4.2700	-0.5151	-3.2025	0.6294	0.1447
4.2800	-0.5136	-3.2088	0.6297	0.1438
4.2900	-0.5122	-3.2151	0.6300	0.1430
4.3000	-0.5108	-3.2214	0.6304	0.1421
4.3100	-0.5094	-3.2277	0.6307	0.1413
4.3200	-0.5080	-3.2340	0.6310	0.1404
4.3300	-0.5066	-3.2403	0.6314	0.1396
4.3400	-0.5052	-3.2466	0.6317	0.1388
4.3500	-0.5038	-3.2530	0.6320	0.1380
4.3600	-0.5024	-3.2593	0.6323	0.1372
4.3700	-0.5010	-3.2656	0.6326	0.1364
4.3800	-0.4997	-3.2719	0.6329	0.1356
4.3900	-0.4983	-3.2783	0.6332	0.1348
4.4000	-0.4970	-3.2846	0.6335	0.1340
4.4100	-0.4956	-3.2909	0.6339	0.1333
4.4200	-0.4943	-3.2973	0.6342	0.1325
4.4300	-0.4930	-3.3036	0.6345	0.1317
4.4400	-0.4917	-3.3100	0.6347	0.1310
4.4500	-0.4904	-3.3163	0.6350	0.1303
4.4600	-0.4891	-3.3227	0.6353	0.1295
4.4700	-0.4878	-3.3290	0.6356	0.1288
4.4800	-0.4865	-3.3354	0.6359	0.1281
4.4900	-0.4852	-3.3417	0.6362	0.1274
4.5000	-0.4840	-3.3481	0.6365	0.1267
4.5100	-0.4827	-3.3545	0.6368	0.1260
4.5200	-0.4814	-3.3608	0.6370	0.1253
4.5300	-0.4802	-3.3672	0.6373	0.1246
4.5400	-0.4789	-3.3736	0.6376	0.1239
4.5500	-0.4777	-3.3800	0.6379	0.1232
4.5600	-0.4765	-3.3863	0.6381	0.1226
4.5700	-0.4753	-3.3927	0.6384	0.1219
4.5800	-0.4740	-3.3991	0.6387	0.1213
4.5900	-0.4728	-3.4055	0.6389	0.1206
4.6000	-0.4716	-3.4119	0.6392	0.1200
4.6100	-0.4704	-3.4183	0.6394	0.1193
4.6200	-0.4692	-3.4247	0.6397	0.1187
4.6300	-0.4681	-3.4311	0.6400	0.1181
4.6400	-0.4669	-3.4375	0.6402	0.1174
4.6500	-0.4657	-3.4439	0.6405	0.1168
4.6600	-0.4645	-3.4503	0.6407	0.1162
4.6700	-0.4634	-3.4567	0.6410	0.1156
4.6800	-0.4622	-3.4631	0.6412	0.1150
4.6900	-0.4611	-3.4695	0.6415	0.1144
4.7000	-0.4599	-3.4759	0.6417	0.1138
4.7100	-0.4588	-3.4824	0.6419	0.1132
4.7200	-0.4577	-3.4888	0.6422	0.1126
4.7300	-0.4566	-3.4952	0.6424	0.1121
4.7400	-0.4554	-3.5016	0.6427	0.1115
4.7500	-0.4543	-3.5080	0.6429	0.1109
4.7600	-0.4532	-3.5145	0.6431	0.1103
4.7700	-0.4521	-3.5209	0.6434	0.1098
4.7800	-0.4510	-3.5273	0.6436	0.1092
4.7900	-0.4499	-3.5338	0.6438	0.1087
4.8000	-0.4488	-3.5402	0.6440	0.1081
4.8100	-0.4478	-3.5467	0.6443	0.1076
4.8200	-0.4467	-3.5531	0.6445	0.1070
4.8300	-0.4456	-3.5596	0.6447	0.1065
4.8400	-0.4446	-3.5660	0.6449	0.1060
4.8500	-0.4435	-3.5725	0.6451	0.1055
4.8600	-0.4425	-3.5789	0.6454	0.1049
4.8700	-0.4414	-3.5854	0.6456	0.1044
4.8800	-0.4404	-3.5918	0.6458	0.1039
4.8900	-0.4393	-3.5983	0.6460	0.1034
4.9000	-0.4383	-3.6047	0.6462	0.1029
4.9100	-0.4373	-3.6112	0.6464	0.1024
4.9200	-0.4363	-3.6177	0.6466	0.1019
4.9300	-0.4352	-3.6241	0.6468	0.1014
4.9400	-0.4342	-3.6306	0.6470	0.1009
4.9500	-0.4332	-3.6371	0.6472	0.1004
4.9600	-0.4322	-3.6435	0.6474	0.0999
4.9700	-0.4312	-3.6500	0.6476	0.0994
4.9800	-0.4302	-3.6565	0.6478	0.0989
4.9900	-0.4292	-3.6630	0.6480	0.0985
5.0000	-0.4283	-3.6695	0.6482	0.0980
5.0100	-0.4273	-3.6759	0.6484	0.0975
5.0200	-0.4263	-3.6824	0.6486	0.0970
5.0300	-0.4253	-3.6889	0.6488	0.0966
5.0400	-0.4244	-3.6954	0.6490	0.0961
5.0500	-0.4234	-3.7019	0.6492	0.0957
5.0600	-0.4225	-3.7084	0.6494	0.0952
5.0700	-0.4215	-3.7149	0.6496	0.0948
5.0800	-0.4206	-3.7214	0.6498	0.0943
5.0900	-0.4196	-3.7279	0.6500	0.0939
5.1000	-0.4187	-3.7344	0.6501	0.0934
5.1100	-0.4178	-3.7409	0.6503	0.0930
5.1200	-0.4168	-3.7474	0.6505	0.0926
5.1300	-0.4159	-3.7539	0.6507	0.0921
5.1400	-0.4150	-3.7604	0.6509	0.0917
5.1500	-0.4141	-3.7669	0.6510	0.0913
5.1600	-0.4132	-3.7734	0.6512	0.0908
5.1700	-0.4123	-3.7799	0.6514	0.0904
5.1800	-0.4114	-3.7864	0.6516	0.0900
5.1900	-0.4105	-3.7930	0.6517	0.0896
5.2000	-0.4096	-3.7995	0.6519	0.0892
5.2100	-0.4087	-3.8060	0.6521	0.0888
5.2200	-0.4078	-3.8125	0.6522	0.0884
5.2300	-0.4069	-3.8190	0.6524	0.0880
5.2400	-0.4060	-3.8256	0.6526	0.0876
5.2500	-0.4052	-3.8321	0.6528	0.0872
5.2600	-0.4043	-3.8386	0.6529	0.0868
5.2700	-0.4034	-3.8452	0.6531	0.0864
5.2800	-0.4026	-3.8517	0.6532	0.0860
5.2900	-0.4017	-3.8582	0.6534	0.0856
5.3000	-0.4008	-3.8648	0.6536	0.0852
5.3100	-0.4000	-3.8713	0.6537	0.0848
5.3200	-0.3992	-3.8778	0.6539	0.0844
5.3300	-0.3983	-3.8844	0.6540	0.0841
5.3400	-0.3975	-3.8909	0.6542	0.0837
5.3500	-0.3966	-3.8975	0.6544	0.0833
5.3600	-0.3958	-3.9040	0.6545	0.0829
5.3700	-0.3950	-3.9105	0.6547	0.0826
5.3800	-0.3942	-3.9171	0.6548	0.0822
5.3900	-0.3933	-3.9236	0.6550	0.0818
5.4000	-0.3925	-3.9302	0.6551	0.0815
5.4100	-0.3917	-3.9367	0.6553	0.0811
5.4200	-0.3909	-3.9433	0.6554	0.0808
5.4300	-0.3901	-3.9499	0.6556	0.0804
5.4400	-0.3893	-3.9564	0.6557	0.0801
5.4500	-0.3885	-3.9630	0.6559	0.0797
5.4600	-0.3877	-3.9695	0.6560	0.0794
5.4700	-0.3869	-3.9761	0.6562	0.0790
5.4800	-0.3861	-3.9826	0.6563	0.0787
5.4900	-0.3853	-3.9892	0.6564	0.0783
5.5000	-0.3845	-3.9958	0.6566	0.0780
5.5100	-0.3838	-4.0023	0.6567	0.0777
5.5200	-0.3830	-4.0089	0.6569	0.0773
5.5300	-0.3822	-4.0155	0.6570	0.0770
5.5400	-0.3815	-4.0221	0.6571	0.0767
5.5500	-0.3807	-4.0286	0.6573	0.0763
5.5600	-0.3799	-4.0352	0.6574	0.0760
5.5700	-0.3792	-4.0418	0.6576	0.0757
5.5800	-0.3784	-4.0483	0.6577	0.0754
5.5900	-0.3777	-4.0549	0.6578	0.0750
5.6000	-0.3769	-4.0615	0.6580	0.0747
5.6100	-0.3762	-4.0681	0.6581	0.0744
5.6200	-0.3754	-4.0747	0.6582	0.0741
5.6300	-0.3747	-4.0813	0.6584	0.0738
5.6400	-0.3739	-4.0878	0.6585	0.0735
5.6500	-0.3732	-4.0944	0.6586	0.0732
5.6600	-0.3725	-4.1010	0.6587	0.0729
5.6700	-0.3718	-4.1076	0.6589	0.0726
5.6800	-0.3710	-4.1142	0.6590	0.0723
5.6900	-0.3703	-4.1208	0.6591	0.0720
5.7000	-0.3696	-4.1274	0.6593	0.0717
5.7100	-0.3689	-4.1340	0.6594	0.0714
5.7200	-0.3682	-4.1406	0.6595	0.0711
5.7300	-0.3675	-4.1472	0.6596	0.0708
5.7400	-0.3667	-4.1537	0.6598	0.0705
5.7500	-0.3660	-4.1603	0.6599	0.0702
5.7600	-0.3653	-4.1669	0.6600	0.0699
5.7700	-0.3646	-4.1735	0.6601	0.0697
5.7800	-0.3640	-4.1801	0.6602	0.0694
5.7900	-0.3633	-4.1868	0.6604	0.0691
5.8000	-0.3626	-4.1934	0.6605	0.0688
5.8100	-0.3619	-4.2000	0.6606	0.0685
5.8200	-0.3612	-4.2066	0.6607	0.0683
5.8300	-0.3605	-4.2132	0.6608	0.0680
5.8400	-0.3598	-4.2198	0.6609	0.0677
5.8500	-0.3592	-4.2264	0.6611	0.0674
5.8600	-0.3585	-4.2330	0.6612	0.0672
5.8700	-0.3578	-4.2396	0.6613	0.0669
5.8800	-0.3572	-4.2462	0.6614	0.0667
5.8900	-0.3565	-4.2528	0.6615	0.0664
5.9000	-0.3558	-4.2595	0.6616	0.0661
5.9100	-0.3552	-4.2661	0.6617	0.0659
5.9200	-0.3545	-4.2727	0.6619	0.0656
5.9300	-0.3539	-4.2793	0.6620	0.0654
5.9400	-0.3532	-4.2859	0.6621	0.0651
5.9500	-0.3526	-4.2926	0.6622	0.0648
5.9600	-0.3519	-4.2992	0.6623	0.0646
5.9700	-0.3513	-4.3058	0.6624	0.0643
5.9800	-0.3506	-4.3124	0.6625	0.0641
5.9900	-0.3500	-4.3191	0.6626	0.0639
6.0000	-0.3493	-4.3257	0.6627	0.0636
6.0100	-0.3487	-4.3323	0.6628	0.0634
6.0200	-0.3481	-4.3389	0.6629	0.0631
6.0300	-0.3474	-4.3456	0.6630	0.0629
6.0400	-0.3468	-4.3522	0.6631	0.0626
6.0500	-0.3462	-4.3588	0.6632	0.0624
6.0600	-0.3456	-4.3655	0.6633	0.0622
6.0700	-0.3449	-4.3721	0.6635	0.0619
6.0800	-0.3443	-4.3787	0.6636	0.0617
6.0900	-0.3437	-4.3854	0.6637	0.0615
6.1000	-0.3431	-4.3920	0.6638	0.0612
6.1100	-0.3425	-4.3986	0.6639	0.0610
6.1200	-0.3419	-4.4053	0.6640	0.0608
6.1300	-0.3413	-4.4119	0.6641	0.0606
6.1400	-0.3407	-4.4186	0.6642	0.0603
6.1500	-0.3401	-4.4252	0.6643	0.0601
6.1600	-0.3395	-4.4318	0.6643	0.0599
6.1700	-0.3389	-4.4385	0.6644	0.0597
6.1800	-0.3383	-4.4451	0.6645	0.0595
6.1900	-0.3377	-4.4518	0.6646	0.0592
6.2000	-0.3371	-4.4584	0.6647	0.0590
6.2100	-0.3365	-4.4651	0.6648	0.0588
6.2200	-0.3359	-4.4717	0.6649	0.0586
6.2300	-0.3353	-4.4784	0.6650	0.0584
6.2400	-0.3347	-4.4850	0.6651	0.0582
6.2500	-0.3342	-4.4917	0.6652	0.0580
6.2600	-0.3336	-4.4983	0.6653	0.0577
6.2700	-0.3330	-4.5050	0.6654	0.0575
6.2800	-0.3324	-4.5116	0.6655	0.0573
6.2900	-0.3319	-4.5183	0.6656	0.0571
6.3000	-0.3313	-4.5249	0.6657	0.0569
6.3100	-0.3307	-4.5316	0.6658	0.0567
6.3200	-0.3302	-4.5383	0.6658	0.0565
6.3300	-0.3296	-4.5449	0.6659	0.0563
6.3400	-0.3290	-4.5516	0.6660	0.0561
6.3500	-0.3285	-4.5582	0.6661	0.0559
6.3600	-0.3279	-4.5649	0.6662	0.0557
6.3700	-0.3274	-4.5716	0.6663	0.0555
6.3800	-0.3268	-4.5782	0.6664	0.0553
6.3900	-0.3262	-4.5849	0.6665	0.0551
6.4000	-0.3257	-4.5916	0.6665	0.0549
6.4100	-0.3252	-4.5982	0.6666	0.0547
6.4200	-0.3246	-4.6049	0.6667	0.0546
6.4300	-0.3241	-4.6116	0.6668	0.0544
6.4400	-0.3235	-4.6182	0.6669	0.0542
6.4500	-0.3230	-4.6249	0.6670	0.0540
6.4600	-0.3224	-4.6316	0.6670	0.0538
6.4700	-0.3219	-4.6382	0.6671	0.0536
6.4800	-0.3214	-4.6449	0.6672	0.0534
6.4900	-0.3208	-4.6516	0.6673	0.0533
6.5000	-0.3203	-4.6583	0.6674	0.0531
6.5100	-0.3198	-4.6649	0.6675	0.0529
6.5200	-0.3192	-4.6716	0.6675	0.0527
6.5300	-0.3187	-4.6783	0.6676	0.0525
6.5400	-0.3182	-4.6850	0.6677	0.0523
6.5500	-0.3177	-4.6916	0.6678	0.0522
6.5600	-0.3171	-4.6983	0.6679	0.0520
6.5700	-0.3166	-4.7050	0.6679	0.0518
6.5800	-0.3161	-4.7117	0.6680	0.0516
6.5900	-0.3156	-4.7184	0.6681	0.0515
6.6000	-0.3151	-4.7250	0.6682	0.0513
6.6100	-0.3146	-4.7317	0.6683	0.0511
6.6200	-0.3141	-4.7384	0.6683	0.0510
6.6300	-0.3136	-4.7451	0.6684	0.0508
6.6400	-0.3130	-4.7518	0.6685	0.0506
6.6500	-0.3125	-4.7585	0.6686	0.0505
6.6600	-0.3120	-4.7651	0.6686	0.0503
6.6700	-0.3115	-4.7718	0.6687	0.0501
6.6800	-0.3110	-4.7785	0.6688	0.0500
6.6900	-0.3105	-4.7852	0.6689	0.0498
6.7000	-0.3100	-4.7919	0.6689	0.0496
6.7100	-0.3095	-4.7986	0.6690	0.0495
6.7200	-0.3090	-4.8053	0.6691	0.0493
6.7300	-0.3086	-4.8120	0.6692	0.0491
6.7400	-0.3081	-4.8187	0.6692	0.0490
6.7500	-0.3076	-4.8253	0.6693	0.0488
6.7600	-0.3071	-4.8320	0.6694	0.0487
6.7700	-0.3066	-4.8387	0.6694	0.0485
6.7800	-0.3061	-4.8454	0.6695	0.0484
6.7900	-0.3056	-4.8521	0.6696	0.0482
6.8000	-0.3052	-4.8588	0.6697	0.0480
6.8100	-0.3047	-4.8655	0.6697	0.0479
6.8200	-0.3042	-4.8722	0.6698	0.0477
6.8300	-0.3037	-4.8789	0.6699	0.0476
6.8400	-0.3032	-4.8856	0.6699	0.0474
6.8500	-0.3028	-4.8923	0.6700	0.0473
6.8600	-0.3023	-4.8990	0.6701	0.0471
6.8700	-0.3018	-4.9057	0.6701	0.0470
6.8800	-0.3014	-4.9124	0.6702	0.0468
6.8900	-0.3009	-4.9191	0.6703	0.0467
6.9000	-0.3004	-4.9258	0.6703	0.0465
6.9100	-0.3000	-4.9325	0.6704	0.0464
6.9200	-0.2995	-4.9392	0.6705	0.0462
6.9300	-0.2990	-4.9459	0.6705	0.0461
6.9400	-0.2986	-4.9526	0.6706	0.0460
6.9500	-0.2981	-4.9593	0.6707	0.0458
6.9600	-0.2977	-4.9661	0.6707	0.0457
6.9700	-0.2972	-4.9728	0.6708	0.0455
6.9800	-0.2967	-4.9795	0.6709	0.0454
6.9900	-0.2963	-4.9862	0.6709	0.0453
7.0000	-0.2958	-4.9929	0.6710	0.0451
7.0100	-0.2954	-4.9996	0.6711	0.0450
7.0200	-0.2949	-5.0063	0.6711	0.0448
7.0300	-0.2945	-5.0130	0.6712	0.0447
7.0400	-0.2940	-5.0197	0.6713	0.0446
7.0500	-0.2936	-5.0264	0.6713	0.0444
7.0600	-0.2932	-5.0332	0.6714	0.0443
7.0700	-0.2927	-5.0399	0.6715	0.0442
7.0800	-0.2923	-5.0466	0.6715	0.0440
7.0900	-0.2918	-5.0533	0.6716	0.0439
7.1000	-0.2914	-5.0600	0.6716	0.0438
7.1100	-0.2910	-5.0667	0.6717	0.0436
7.1200	-0.2905	-5.0735	0.6718	0.0435
7.1300	-0.2901	-5.0802	0.6718	0.0434
7.1400	-0.2897	-5.0869	0.6719	0.0432
7.1500	-0.2892	-5.0936	0.6719	0.0431
7.1600	-0.2888	-5.1003	0.6720	0.0430
7.1700	-0.2884	-5.1070	0.6721	0.0428
7.1800	-0.2879	-5.1138	0.6721	0.0427
7.1900	-0.2875	-5.1205	0.6722	0.0426
7.2000	-0.2871	-5.1272	0.6722	0.0425
7.2100	-0.2867	-5.1339	0.6723	0.0423
7.2200	-0.2862	-5.1407	0.6724	0.0422
7.2300	-0.2858	-5.1474	0.6724	0.0421
7.2400	-0.2854	-5.1541	0.6725	0.0420
7.2500	-0.2850	-5.1608	0.6725	0.0418
7.2600	-0.2846	-5.1676	0.6726	0.0417
7.2700	-0.2841	-5.1743	0.6726	0.0416
7.2800	-0.2837	-5.1810	0.6727	0.0415
7.2900	-0.2833	-5.1877	0.6728	0.0413
7.3000	-0.2829	-5.1945	0.6728	0.0412
7.3100	-0.2825	-5.2012	0.6729	0.0411
7.3200	-0.2821	-5.2079	0.6729	0.0410
7.3300	-0.2817	-5.2147	0.6730	0.0409
7.3400	-0.2813	-5.2214	0.6730	0.0408
7.3500	-0.2809	-5.2281	0.6731	0.0406
7.3600	-0.2805	-5.2348	0.6732	0.0405
7.3700	-0.2800	-5.2416	0.6732	0.0404
7.3800	-0.2796	-5.2483	0.6733	0.0403
7.3900	-0.2792	-5.2550	0.6733	0.0402
7.4000	-0.2788	-5.2618	0.6734	0.0400
7.4100	-0.2784	-5.2685	0.6734	0.0399
7.4200	-0.2780	-5.2752	0.6735	0.0398
7.4300	-0.2776	-5.2820	0.6735	0.0397
7.4400	-0.2772	-5.2887	0.6736	0.0396
7.4500	-0.2769	-5.2955	0.6736	0.0395
7.4600	-0.2765	-5.3022	0.6737	0.0394
7.4700	-0.2761	-5.3089	0.6737	0.0393
7.4800	-0.2757	-5.3157	0.6738	0.0391
7.4900	-0.2753	-5.3224	0.6738	0.0390
7.5000	-0.2749	-5.3291	0.6739	0.0389
7.5100	-0.2745	-5.3359	0.6740	0.0388
7.5200	-0.2741	-5.3426	0.6740	0.0387
7.5300	-0.2737	-5.3494	0.6741	0.0386
7.5400	-0.2733	-5.3561	0.6741	0.0385
7.5500	-0.2730	-5.3628	0.6742	0.0384
7.5600	-0.2726	-5.3696	0.6742	0.0383
7.5700	-0.2722	-5.3763	0.6743	0.0382
7.5800	-0.2718	-5.3831	0.6743	0.0381
7.5900	-0.2714	-5.3898	0.6744	0.0379
7.6000	-0.2711	-5.3966	0.6744	0.0378
7.6100	-0.2707	-5.4033	0.6745	0.0377
7.6200	-0.2703	-5.4100	0.6745	0.0376
7.6300	-0.2699	-5.4168	0.6746	0.0375
7.6400	-0.2696	-5.4235	0.6746	0.0374
7.6500	-0.2692	-5.4303	0.6747	0.0373
7.6600	-0.2688	-5.4370	0.6747	0.0372
7.6700	-0.2684	-5.4438	0.6748	0.0371
7.6800	-0.2681	-5.4505	0.6748	0.0370
7.6900	-0.2677	-5.4573	0.6748	0.0369
7.7000	-0.2673	-5.4640	0.6749	0.0368
7.7100	-0.2670	-5.4708	0.6749	0.0367
7.7200	-0.2666	-5.4775	0.6750	0.0366
7.7300	-0.2662	-5.4843	0.6750	0.0365
7.7400	-0.2659	-5.4910	0.6751	0.0364
7.7500	-0.2655	-5.4978	0.6751	0.0363
7.7600	-0.2651	-5.5045	0.6752	0.0362
7.7700	-0.2648	-5.5113	0.6752	0.0361
7.7800	-0.2644	-5.5180	0.6753	0.0360
7.7900	-0.2641	-5.5248	0.6753	0.0359
7.8000	-0.2637	-5.5315	0.6754	0.0358
7.8100	-0.2633	-5.5383	0.6754	0.0357
7.8200	-0.2630	-5.5450	0.6755	0.0356
7.8300	-0.2626	-5.5518	0.6755	0.0355
7.8400	-0.2623	-5.5586	0.6755	0.0354
7.8500	-0.2619	-5.5653	0.6756	0.0353
7.8600	-0.2616	-5.5721	0.6756	0.0352
7.8700	-0.2612	-5.5788	0.6757	0.0351
7.8800	-0.2609	-5.5856	0.6757	0.0350
7.8900	-0.2605	-5.5923	0.6758	0.0349
7.9000	-0.2602	-5.5991	0.6758	0.0348
7.9100	-0.2598	-5.6059	0.6759	0.0347
7.9200	-0.2595	-5.6126	0.6759	0.0347
7.9300	-0.2591	-5.6194	0.6759	0.0346
7.9400	-0.2588	-5.6261	0.6760	0.0345
7.9500	-0.2584	-5.6329	0.6760	0.0344
7.9600	-0.2581	-5.6396	0.6761	0.0343
7.9700	-0.2577	-5.6464	0.6761	0.0342
7.9800	-0.2574	-5.6532	0.6762	0.0341
7.9900	-0.2571	-5.6599	0.6762	0.0340
8.0000	-0.2567	-5.6667	0.6762	0.0339
