T	Ut	Ft	St	Ct
0.0100	-nan	-inf	-nan	-nan
0.0200	-2.0000	-2.0000	0.0000	0.0000
0.0300	-2.0000	-2.0000	0.0000	0.0000
0.0400	-2.0000	-2.0000	0.0000	0.0000
0.0500	-2.0000	-2.0000	0.0000	0.0000
0.0600	-2.0000	-2.0000	0.0000	0.0000
0.0700	-2.0000	-2.0000	0.0000	0.0000
0.0800	-2.0000	-2.0000	0.0000	0.0000
0.0900	-2.0000	-2.0000	0.0000	0.0000
0.1000	-2.0000	-2.0000	-0.0000	0.0000
0.1100	-2.0000	-2.0000	0.0000	0.0000
0.1200	-2.0000	-2.0000	0.0000	0.0000
0.1300	-2.0000	-2.0000	0.0000	0.0000
0.1400	-2.0000	-2.0000	0.0000	0.0000
0.1500	-2.0000	-2.0000	0.0000	0.0000
0.1600	-2.0000	-2.0000	0.0000	0.0000
0.1700	-2.0000	-2.0000	0.0000	0.0000
0.1800	-2.0000	-2.0000	-0.0000	0.0000
0.1900	-2.0000	-2.0000	0.0000	0.0000
0.2000	-2.0000	-2.0000	0.0000	0.0000
0.2100	-2.0000	-2.0000	0.0000	0.0000
0.2200	-2.0000	-2.0000	0.0000	0.0000
0.2300	-2.0000	-2.0000	0.0000	0.0000
0.2400	-2.0000	-2.0000	0.0000	0.0000
0.2500	-2.0000	-2.0000	0.0000	0.0000
0.2600	-2.0000	-2.0000	0.0000	0.0000
0.2700	-2.0000	-2.0000	0.0000	0.0000
0.2800	-2.0000	-2.0000	0.0000	0.0000
0.2900	-2.0000	-2.0000	0.0000	0.0000
0.3000	-2.0000	-2.0000	0.0000	0.0000
0.3100	-2.0000	-2.0000	0.0000	0.0000
0.3200	-2.0000	-2.0000	0.0000	0.0000
0.3300	-2.0000	-2.0000	0.0000	0.0000
0.3400	-2.0000	-2.0000	0.0000	0.0000
0.3500	-2.0000	-2.0000	0.0000	0.0000
0.3600	-2.0000	-2.0000	0.0000	0.0000
0.3700	-2.0000	-2.0000	0.0000	0.0000
0.3800	-2.0000	-2.0000	0.0000	0.0000
0.3900	-2.0000	-2.0000	0.0000	0.0000
0.4000	-2.0000	-2.0000	0.0000	0.0000
0.4100	-2.0000	-2.0000	0.0000	0.0000
0.4200	-2.0000	-2.0000	0.0000	0.0000
0.4300	-2.0000	-2.0000	0.0000	0.0000
0.4400	-2.0000	-2.0000	0.0000	0.0000
0.4500	-2.0000	-2.0000	0.0000	0.0000
0.4600	-2.0000	-2.0000	0.0000	0.0000
0.4700	-2.0000	-2.0000	0.0000	0.0000
0.4800	-2.0000	-2.0000	0.0000	0.0000
0.4900	-2.0000	-2.0000	0.0000	0.0000
0.5000	-2.0000	-2.0000	0.0000	0.0000
0.5100	-2.0000	-2.0000	0.0000	0.0000
0.5200	-2.0000	-2.0000	0.0000	0.0000
0.5300	-2.0000	-2.0000	0.0000	0.0001
0.5400	-2.0000	-2.0000	0.0000	0.0001
0.5500	-2.0000	-2.0000	0.0000	0.0001
0.5600	-2.0000	-2.0000	0.0000	0.0001
0.5700	-2.0000	-2.0000	0.0000	0.0002
0.5800	-2.0000	-2.0000	0.0000	0.0002
0.5900	-2.0000	-2.0000	0.0000	0.0002
0.6000	-2.0000	-2.0000	0.0000	0.0003
0.6100	-2.0000	-2.0000	0.0000	0.0004
0.6200	-2.0000	-2.0000	0.0000	0.0004
0.6300	-2.0000	-2.0000	0.0000	0.0005
0.6400	-2.0000	-2.0000	0.0001	0.0006
0.6500	-2.0000	-2.0000	0.0001	0.0007
0.6600	-2.0000	-2.0000	0.0001	0.0008
0.6700	-1.9999	-2.0000	0.0001	0.0009
0.6800	-1.9999	-2.0000	0.0001	0.0011
0.6900	-1.9999	-2.0000	0.0001	0.0013
0.7000	-1.9999	-2.0000	0.0001	0.0015
0.7100	-1.9999	-2.0000	0.0002	0.0017
0.7200	-1.9999	-2.0000	0.0002	0.0019
0.7300	-1.9999	-2.0000	0.0002	0.0022
0.7400	-1.9998	-2.0000	0.0002	0.0024
0.7500	-1.9998	-2.0000	0.0003	0.0027
0.7600	-1.9998	-2.0000	0.0003	0.0031
0.7700	-1.9997	-2.0000	0.0004	0.0034
0.7800	-1.9997	-2.0000	0.0004	0.0038
0.7900	-1.9997	-2.0000	0.0005	0.0043
0.8000	-1.9996	-2.0000	0.0005	0.0047
0.8100	-1.9996	-2.0000	0.0006	0.0052
0.8200	-1.9995	-2.0000	0.0006	0.0058
0.8300	-1.9995	-2.0001	0.0007	0.0063
0.8400	-1.9994	-2.0001	0.0008	0.0070
0.8500	-1.9993	-2.0001	0.0009	0.0076
0.8600	-1.9992	-2.0001	0.0010	0.0083
0.8700	-1.9992	-2.0001	0.0011	0.0091
0.8800	-1.9991	-2.0001	0.0012	0.0099
0.8900	-1.9990	-2.0001	0.0013	0.0107
0.9000	-1.9988	-2.0001	0.0014	0.0116
0.9100	-1.9987	-2.0001	0.0016	0.0126
0.9200	-1.9986	-2.0002	0.0017	0.0136
0.9300	-1.9985	-2.0002	0.0019	0.0146
0.9400	-1.9983	-2.0002	0.0020	0.0157
0.9500	-1.9981	-2.0002	0.0022	0.0169
0.9600	-1.9980	-2.0002	0.0024	0.0181
0.9700	-1.9978	-2.0003	0.0026	0.0194
0.9800	-1.9976	-2.0003	0.0028	0.0207
0.9900	-1.9974	-2.0003	0.0030	0.0221
1.0000	-1.9971	-2.0004	0.0032	0.0236
1.0100	-1.9969	-2.0004	0.0035	0.0251
1.0200	-1.9966	-2.0004	0.0037	0.0267
1.0300	-1.9964	-2.0005	0.0040	0.0284
1.0400	-1.9961	-2.0005	0.0043	0.0301
1.0500	-1.9958	-2.0005	0.0046	0.0319
1.0600	-1.9954	-2.0006	0.0049	0.0338
1.0700	-1.9951	-2.0006	0.0052	0.0357
1.0800	-1.9947	-2.0007	0.0055	0.0377
1.0900	-1.9943	-2.0008	0.0059	0.0398
1.1000	-1.9939	-2.0008	0.0063	0.0419
1.1100	-1.9935	-2.0009	0.0067	0.0441
1.1200	-1.9930	-2.0009	0.0071	0.0464
1.1300	-1.9926	-2.0010	0.0075	0.0488
1.1400	-1.9921	-2.0011	0.0079	0.0513
1.1500	-1.9915	-2.0012	0.0084	0.0538
1.1600	-1.9910	-2.0013	0.0089	0.0564
1.1700	-1.9904	-2.0014	0.0094	0.0591
1.1800	-1.9898	-2.0015	0.0099	0.0619
1.1900	-1.9892	-2.0016	0.0104	0.0647
1.2000	-1.9885	-2.0017	0.0110	0.0676
1.2100	-1.9878	-2.0018	0.0115	0.0706
1.2200	-1.9871	-2.0019	0.0121	0.0737
1.2300	-1.9863	-2.0020	0.0127	0.0769
1.2400	-1.9856	-2.0021	0.0134	0.0802
1.2500	-1.9847	-2.0023	0.0140	0.0835
1.2600	-1.9839	-2.0024	0.0147	0.0869
1.2700	-1.9830	-2.0026	0.0154	0.0905
1.2800	-1.9821	-2.0027	0.0161	0.0941
1.2900	-1.9811	-2.0029	0.0169	0.0978
1.3000	-1.9801	-2.0031	0.0177	0.1016
1.3100	-1.9791	-2.0033	0.0185	0.1054
1.3200	-1.9780	-2.0034	0.0193	0.1094
1.3300	-1.9769	-2.0036	0.0201	0.1135
1.3400	-1.9757	-2.0038	0.0210	0.1176
1.3500	-1.9745	-2.0041	0.0219	0.1219
1.3600	-1.9733	-2.0043	0.0228	0.1262
1.3700	-1.9720	-2.0045	0.0237	0.1306
1.3800	-1.9707	-2.0048	0.0247	0.1352
1.3900	-1.9693	-2.0050	0.0257	0.1398
1.4000	-1.9679	-2.0053	0.0267	0.1446
1.4100	-1.9664	-2.0055	0.0277	0.1494
1.4200	-1.9649	-2.0058	0.0288	0.1543
1.4300	-1.9633	-2.0061	0.0299	0.1594
1.4400	-1.9617	-2.0064	0.0310	0.1645
1.4500	-1.9600	-2.0067	0.0322	0.1698
1.4600	-1.9583	-2.0071	0.0334	0.1752
1.4700	-1.9565	-2.0074	0.0346	0.1806
1.4800	-1.9547	-2.0078	0.0358	0.1862
1.4900	-1.9528	-2.0081	0.0371	0.1919
1.5000	-1.9509	-2.0085	0.0384	0.1977
1.5100	-1.9489	-2.0089	0.0398	0.2037
1.5200	-1.9468	-2.0093	0.0411	0.2097
1.5300	-1.9447	-2.0097	0.0425	0.2159
1.5400	-1.9425	-2.0101	0.0439	0.2222
1.5500	-1.9402	-2.0106	0.0454	0.2286
1.5600	-1.9379	-2.0111	0.0469	0.2352
1.5700	-1.9355	-2.0115	0.0484	0.2418
1.5800	-1.9331	-2.0120	0.0500	0.2486
1.5900	-1.9305	-2.0125	0.0516	0.2556
1.6000	-1.9280	-2.0131	0.0532	0.2627
1.6100	-1.9253	-2.0136	0.0548	0.2699
1.6200	-1.9226	-2.0142	0.0565	0.2773
1.6300	-1.9197	-2.0147	0.0583	0.2848
1.6400	-1.9169	-2.0153	0.0600	0.2925
1.6500	-1.9139	-2.0159	0.0618	0.3003
1.6600	-1.9109	-2.0166	0.0637	0.3083
1.6700	-1.9077	-2.0172	0.0656	0.3164
1.6800	-1.9045	-2.0179	0.0675	0.3247
1.6900	-1.9012	-2.0186	0.0694	0.3332
1.7000	-1.8979	-2.0193	0.0714	0.3419
1.7100	-1.8944	-2.0200	0.0734	0.3507
1.7200	-1.8908	-2.0207	0.0755	0.3597
1.7300	-1.8872	-2.0215	0.0776	0.3690
1.7400	-1.8835	-2.0223	0.0798	0.3784
1.7500	-1.8796	-2.0231	0.0820	0.3880
1.7600	-1.8757	-2.0239	0.0842	0.3978
1.7700	-1.8717	-2.0248	0.0865	0.4078
1.7800	-1.8675	-2.0256	0.0888	0.4181
1.7900	-1.8633	-2.0265	0.0912	0.4285
1.8000	-1.8590	-2.0275	0.0936	0.4392
1.8100	-1.8545	-2.0284	0.0961	0.4501
1.8200	-1.8500	-2.0294	0.0986	0.4613
1.8300	-1.8453	-2.0304	0.1011	0.4727
1.8400	-1.8405	-2.0314	0.1037	0.4844
1.8500	-1.8356	-2.0325	0.1064	0.4963
1.8600	-1.8306	-2.0335	0.1091	0.5085
1.8700	-1.8254	-2.0346	0.1119	0.5209
1.8800	-1.8202	-2.0358	0.1147	0.5337
1.8900	-1.8148	-2.0369	0.1176	0.5467
1.9000	-1.8092	-2.0381	0.1205	0.5599
1.9100	-1.8036	-2.0394	0.1234	0.5735
1.9200	-1.7978	-2.0406	0.1265	0.5873
1.9300	-1.7918	-2.0419	0.1296	0.6015
1.9400	-1.7857	-2.0432	0.1327	0.6159
1.9500	-1.7795	-2.0445	0.1359	0.6306
1.9600	-1.7731	-2.0459	0.1392	0.6456
1.9700	-1.7666	-2.0473	0.1425	0.6608
1.9800	-1.7599	-2.0488	0.1459	0.6763
1.9900	-1.7531	-2.0502	0.1493	0.6921
2.0000	-1.7461	-2.0517	0.1528	0.7082
2.0100	-1.7389	-2.0533	0.1564	0.7244
2.0200	-1.7316	-2.0549	0.1601	0.7410
2.0300	-1.7241	-2.0565	0.1638	0.7577
2.0400	-1.7164	-2.0582	0.1675	0.7746
2.0500	-1.7086	-2.0598	0.1713	0.7917
2.0600	-1.7006	-2.0616	0.1752	0.8089
2.0700	-1.6924	-2.0634	0.1792	0.8262
2.0800	-1.6841	-2.0652	0.1832	0.8437
2.0900	-1.6755	-2.0670	0.1873	0.8611
2.1000	-1.6668	-2.0689	0.1915	0.8786
2.1100	-1.6580	-2.0708	0.1957	0.8961
2.1200	-1.6489	-2.0728	0.2000	0.9135
2.1300	-1.6397	-2.0748	0.2043	0.9308
2.1400	-1.6303	-2.0769	0.2087	0.9480
2.1500	-1.6207	-2.0790	0.2132	0.9649
2.1600	-1.6110	-2.0812	0.2177	0.9816
2.1700	-1.6011	-2.0834	0.2222	0.9979
2.1800	-1.5910	-2.0856	0.2269	1.0139
2.1900	-1.5808	-2.0879	0.2315	1.0295
2.2000	-1.5705	-2.0903	0.2363	1.0446
2.2100	-1.5599	-2.0926	0.2410	1.0591
2.2200	-1.5493	-2.0951	0.2459	1.0731
2.2300	-1.5385	-2.0976	0.2507	1.0864
2.2400	-1.5275	-2.1001	0.2556	1.0990
2.2500	-1.5165	-2.1027	0.2605	1.1109
2.2600	-1.5053	-2.1053	0.2655	1.1219
2.2700	-1.4941	-2.1080	0.2704	1.1322
2.2800	-1.4827	-2.1107	0.2754	1.1415
2.2900	-1.4712	-2.1135	0.2805	1.1499
2.3000	-1.4597	-2.1163	0.2855	1.1574
2.3100	-1.4481	-2.1192	0.2905	1.1638
2.3200	-1.4364	-2.1221	0.2956	1.1693
2.3300	-1.4247	-2.1251	0.3006	1.1737
2.3400	-1.4130	-2.1281	0.3056	1.1771
2.3500	-1.4012	-2.1312	0.3107	1.1794
2.3600	-1.3894	-2.1344	0.3157	1.1807
2.3700	-1.3776	-2.1375	0.3207	1.1809
2.3800	-1.3658	-2.1408	0.3256	1.1801
2.3900	-1.3540	-2.1440	0.3306	1.1782
2.4000	-1.3422	-2.1474	0.3355	1.1754
2.4100	-1.3305	-2.1508	0.3404	1.1715
2.4200	-1.3188	-2.1542	0.3452	1.1667
2.4300	-1.3071	-2.1577	0.3500	1.1610
2.4400	-1.2956	-2.1612	0.3548	1.1543
2.4500	-1.2840	-2.1648	0.3595	1.1469
2.4600	-1.2726	-2.1684	0.3641	1.1386
2.4700	-1.2613	-2.1720	0.3687	1.1295
2.4800	-1.2500	-2.1757	0.3733	1.1197
2.4900	-1.2389	-2.1795	0.3778	1.1093
2.5000	-1.2278	-2.1833	0.3822	1.0982
2.5100	-1.2169	-2.1871	0.3865	1.0866
2.5200	-1.2061	-2.1910	0.3908	1.0745
2.5300	-1.1954	-2.1950	0.3951	1.0618
2.5400	-1.1849	-2.1989	0.3992	1.0488
2.5500	-1.1745	-2.2029	0.4033	1.0353
2.5600	-1.1642	-2.2070	0.4074	1.0216
2.5700	-1.1540	-2.2111	0.4113	1.0076
2.5800	-1.1440	-2.2152	0.4152	0.9933
2.5900	-1.1342	-2.2194	0.4190	0.9788
2.6000	-1.1244	-2.2236	0.4228	0.9642
2.6100	-1.1149	-2.2279	0.4264	0.9495
2.6200	-1.1055	-2.2321	0.4300	0.9347
2.6300	-1.0962	-2.2365	0.4336	0.9198
2.6400	-1.0871	-2.2408	0.4370	0.9050
2.6500	-1.0781	-2.2452	0.4404	0.8901
2.6600	-1.0693	-2.2496	0.4437	0.8753
2.6700	-1.0606	-2.2541	0.4470	0.8606
2.6800	-1.0520	-2.2586	0.4502	0.8460
2.6900	-1.0437	-2.2631	0.4533	0.8315
2.7000	-1.0354	-2.2676	0.4564	0.8171
2.7100	-1.0273	-2.2722	0.4594	0.8029
2.7200	-1.0194	-2.2768	0.4623	0.7889
2.7300	-1.0115	-2.2814	0.4652	0.7750
2.7400	-1.0039	-2.2861	0.4680	0.7614
2.7500	-0.9963	-2.2908	0.4707	0.7479
2.7600	-0.9889	-2.2955	0.4734	0.7347
2.7700	-0.9816	-2.3003	0.4760	0.7217
2.7800	-0.9745	-2.3050	0.4786	0.7089
2.7900	-0.9674	-2.3098	0.4811	0.6964
2.8000	-0.9605	-2.3147	0.4836	0.6841
2.8100	-0.9538	-2.3195	0.4860	0.6720
2.8200	-0.9471	-2.3244	0.4884	0.6602
2.8300	-0.9405	-2.3293	0.4907	0.6486
2.8400	-0.9341	-2.3342	0.4930	0.6373
2.8500	-0.9278	-2.3391	0.4952	0.6262
2.8600	-0.9216	-2.3441	0.4974	0.6154
2.8700	-0.9155	-2.3491	0.4995	0.6048
2.8800	-0.9095	-2.3541	0.5016	0.5945
2.8900	-0.9036	-2.3591	0.5036	0.5844
2.9000	-0.8978	-2.3642	0.5056	0.5745
2.9100	-0.8921	-2.3692	0.5076	0.5649
2.9200	-0.8865	-2.3743	0.5095	0.5555
2.9300	-0.8810	-2.3794	0.5114	0.5463
2.9400	-0.8756	-2.3845	0.5133	0.5373
2.9500	-0.8703	-2.3897	0.5151	0.5286
2.9600	-0.8650	-2.3948	0.5168	0.5200
2.9700	-0.8599	-2.4000	0.5186	0.5117
2.9800	-0.8548	-2.4052	0.5203	0.5036
2.9900	-0.8498	-2.4104	0.5220	0.4957
3.0000	-0.8449	-2.4157	0.5236	0.4880
3.0100	-0.8400	-2.4209	0.5252	0.4804
3.0200	-0.8353	-2.4262	0.5268	0.4731
3.0300	-0.8306	-2.4314	0.5283	0.4659
3.0400	-0.8259	-2.4367	0.5299	0.4589
3.0500	-0.8214	-2.4420	0.5314	0.4521
3.0600	-0.8169	-2.4474	0.5328	0.4454
3.0700	-0.8125	-2.4527	0.5343	0.4390
3.0800	-0.8081	-2.4580	0.5357	0.4326
3.0900	-0.8038	-2.4634	0.5371	0.4264
3.1000	-0.7996	-2.4688	0.5385	0.4204
3.1100	-0.7954	-2.4742	0.5398	0.4145
3.1200	-0.7913	-2.4796	0.5411	0.4088
3.1300	-0.7872	-2.4850	0.5424	0.4032
3.1400	-0.7832	-2.4904	0.5437	0.3977
3.1500	-0.7793	-2.4959	0.5450	0.3924
3.1600	-0.7754	-2.5013	0.5462	0.3871
3.1700	-0.7715	-2.5068	0.5474	0.3820
3.1800	-0.7677	-2.5123	0.5486	0.3771
3.1900	-0.7640	-2.5178	0.5498	0.3722
3.2000	-0.7603	-2.5233	0.5509	0.3674
3.2100	-0.7566	-2.5288	0.5521	0.3628
3.2200	-0.7530	-2.5343	0.5532	0.3583
3.2300	-0.7495	-2.5398	0.5543	0.3538
3.2400	-0.7460	-2.5454	0.5554	0.3495
3.2500	-0.7425	-2.5510	0.5565	0.3452
3.2600	-0.7391	-2.5565	0.5575	0.3411
3.2700	-0.7357	-2.5621	0.5585	0.3370
3.2800	-0.7323	-2.5677	0.5596	0.3330
3.2900	-0.7290	-2.5733	0.5606	0.3291
3.3000	-0.7257	-2.5789	0.5616	0.3253
3.3100	-0.7225	-2.5845	0.5625	0.3216
3.3200	-0.7193	-2.5902	0.5635	0.3180
3.3300	-0.7161	-2.5958	0.5645	0.3144
3.3400	-0.7130	-2.6014	0.5654	0.3109
3.3500	-0.7099	-2.6071	0.5663	0.3075
3.3600	-0.7069	-2.6128	0.5672	0.3041
3.3700	-0.7038	-2.6185	0.5681	0.3008
3.3800	-0.7008	-2.6241	0.5690	0.2976
3.3900	-0.6979	-2.6298	0.5699	0.2944
3.4000	-0.6950	-2.6355	0.5708	0.2913
3.4100	-0.6921	-2.6412	0.5716	0.2883
3.4200	-0.6892	-2.6470	0.5724	0.2853
3.4300	-0.6864	-2.6527	0.5733	0.2824
3.4400	-0.6835	-2.6584	0.5741	0.2795
3.4500	-0.6808	-2.6642	0.5749	0.2767
3.4600	-0.6780	-2.6699	0.5757	0.2739
3.4700	-0.6753	-2.6757	0.5765	0.2712
3.4800	-0.6726	-2.6815	0.5773	0.2685
3.4900	-0.6699	-2.6872	0.5780	0.2659
3.5000	-0.6673	-2.6930	0.5788	0.2633
3.5100	-0.6646	-2.6988	0.5795	0.2608
3.5200	-0.6621	-2.7046	0.5803	0.2583
3.5300	-0.6595	-2.7104	0.5810	0.2559
3.5400	-0.6569	-2.7162	0.5817	0.2535
3.5500	-0.6544	-2.7221	0.5824	0.2511
3.5600	-0.6519	-2.7279	0.5831	0.2488
3.5700	-0.6494	-2.7337	0.5838	0.2466
3.5800	-0.6470	-2.7396	0.5845	0.2443
3.5900	-0.6445	-2.7454	0.5852	0.2421
3.6000	-0.6421	-2.7513	0.5859	0.2399
3.6100	-0.6397	-2.7571	0.5865	0.2378
3.6200	-0.6374	-2.7630	0.5872	0.2357
3.6300	-0.6350	-2.7689	0.5878	0.2337
3.6400	-0.6327	-2.7747	0.5885	0.2316
3.6500	-0.6304	-2.7806	0.5891	0.2296
3.6600	-0.6281	-2.7865	0.5897	0.2277
3.6700	-0.6258	-2.7924	0.5904	0.2257
3.6800	-0.6236	-2.7983	0.5910	0.2238
3.6900	-0.6214	-2.8043	0.5916	0.2219
3.7000	-0.6192	-2.8102	0.5922	0.2201
3.7100	-0.6170	-2.8161	0.5928	0.2183
3.7200	-0.6148	-2.8220	0.5933	0.2165
3.7300	-0.6126	-2.8280	0.5939	0.2147
3.7400	-0.6105	-2.8339	0.5945	0.2129
3.7500	-0.6084	-2.8399	0.5951	0.2112
3.7600	-0.6063	-2.8458	0.5956	0.2095
3.7700	-0.6042	-2.8518	0.5962	0.2079
3.7800	-0.6021	-2.8577	0.5967	0.2062
3.7900	-0.6001	-2.8637	0.5973	0.2046
3.8000	-0.5980	-2.8697	0.5978	0.2030
3.8100	-0.5960	-2.8757	0.5983	0.2014
3.8200	-0.5940	-2.8816	0.5989	0.1999
3.8300	-0.5920	-2.8876	0.5994	0.1983
3.8400	-0.5900	-2.8936	0.5999	0.1968
3.8500	-0.5881	-2.8996	0.6004	0.1953
3.8600	-0.5861	-2.9056	0.6009	0.1938
3.8700	-0.5842	-2.9116	0.6014	0.1924
3.8800	-0.5823	-2.9177	0.6019	0.1909
3.8900	-0.5804	-2.9237	0.6024	0.1895
3.9000	-0.5785	-2.9297	0.6029	0.1881
3.9100	-0.5766	-2.9357	0.6034	0.1867
3.9200	-0.5748	-2.9418	0.6038	0.1854
3.9300	-0.5729	-2.9478	0.6043	0.1840
3.9400	-0.5711	-2.9539	0.6048	0.1827
3.9500	-0.5693	-2.9599	0.6052	0.1814
3.9600	-0.5674	-2.9660	0.6057	0.1801
3.9700	-0.5656	-2.9720	0.6061	0.1788
3.9800	-0.5639	-2.9781	0.6066	0.1775
3.9900	-0.5621	-2.9842	0.6070	0.1763
4.0000	-0.5603	-2.9902	0.6075	0.1751
4.0100	-0.5586	-2.9963	0.6079	0.1738
4.0200	-0.5569	-3.0024	0.6083	0.1726
4.0300	-0.5551	-3.0085	0.6088	0.1714
4.0400	-0.5534	-3.0146	0.6092	0.1703
4.0500	-0.5517	-3.0207	0.6096	0.1691
4.0600	-0.5501	-3.0268	0.6100	0.1679
4.0700	-0.5484	-3.0329	0.6104	0.1668
4.0800	-0.5467	-3.0390	0.6108	0.1657
4.0900	-0.5451	-3.0451	0.6112	0.1646
4.1000	-0.5434	-3.0512	0.6116	0.1635
4.1100	-0.5418	-3.0573	0.6120	0.1624
4.1200	-0.5402	-3.0634	0.6124	0.1613
4.1300	-0.5386	-3.0696	0.6128	0.1602
4.1400	-0.5370	-3.0757	0.6132	0.1592
4.1500	-0.5354	-3.0818	0.6136	0.1582
4.1600	-0.5338	-3.0880	0.6140	0.1571
4.1700	-0.5322	-3.0941	0.6144	0.1561
4.1800	-0.5307	-3.1002	0.6147	0.1551
4.1900	-0.5291	-3.1064	0.6151	0.1541
4.2000	-0.5276	-3.1126	0.6155	0.1531
4.2100	-0.5261	-3.1187	0.6158	0.1521
4.2200	-0.5246	-3.1249	0.6162	0.1512
4.2300	-0.5231	-3.1310	0.6165	0.1502
4.2400	-0.5216	-3.1372	0.6169	0.1493
4.2500	-0.5201	-3.1434	0.6172	0.1484
4.2600	-0.5186	-3.1495	0.6176	0.1474
4.2700	-0.5171	-3.1557	0.6179	0.1465
4.2800	-0.5157	-3.1619	0.6183	0.1456
4.2900	-0.5142	-3.1681	0.6186	0.1447
4.3000	-0.5128	-3.1743	0.6190	0.1438
4.3100	-0.5113	-3.1805	0.6193	0.1429
4.3200	-0.5099	-3.1867	0.6196	0.1421
4.3300	-0.5085	-3.1929	0.6199	0.1412
4.3400	-0.5071	-3.1991	0.6203	0.1404
4.3500	-0.5057	-3.2053	0.6206	0.1395
4.3600	-0.5043	-3.2115	0.6209	0.1387
4.3700	-0.5029	-3.2177	0.6212	0.1379
4.3800	-0.5015	-3.2239	0.6215	0.1370
4.3900	-0.5002	-3.2301	0.6219	0.1362
4.4000	-0.4988	-3.2363	0.6222	0.1354
4.4100	-0.4975	-3.2426	0.6225	0.1346
4.4200	-0.4961	-3.2488	0.6228	0.1338
4.4300	-0.4948	-3.2550	0.6231	0.1331
4.4400	-0.4935	-3.2612	0.6234	0.1323
4.4500	-0.4921	-3.2675	0.6237	0.1315
4.4600	-0.4908	-3.2737	0.6240	0.1308
4.4700	-0.4895	-3.2800	0.6243	0.1300
4.4800	-0.4882	-3.2862	0.6245	0.1293
4.4900	-0.4869	-3.2924	0.6248	0.1285
4.5000	-0.4857	-3.2987	0.6251	0.1278
4.5100	-0.4844	-3.3050	0.6254	0.1271
4.5200	-0.4831	-3.3112	0.6257	0.1264
4.5300	-0.4819	-3.3175	0.6260	0.1256
4.5400	-0.4806	-3.3237	0.6262	0.1249
4.5500	-0.4794	-3.3300	0.6265	0.1242
4.5600	-0.4781	-3.3363	0.6268	0.1236
4.5700	-0.4769	-3.3425	0.6271	0.1229
4.5800	-0.4757	-3.3488	0.6273	0.1222
4.5900	-0.4744	-3.3551	0.6276	0.1215
4.6000	-0.4732	-3.3613	0.6279	0.1208
4.6100	-0.4720	-3.3676	0.6281	0.1202
4.6200	-0.4708	-3.3739	0.6284	0.1195
4.6300	-0.4696	-3.3802	0.6286	0.1189
4.6400	-0.4685	-3.3865	0.6289	0.1182
4.6500	-0.4673	-3.3928	0.6291	0.1176
4.6600	-0.4661	-3.3991	0.6294	0.1170
4.6700	-0.4649	-3.4054	0.6296	0.1163
4.6800	-0.4638	-3.4117	0.6299	0.1157
4.6900	-0.4626	-3.4180	0.6301	0.1151
4.7000	-0.4615	-3.4243	0.6304	0.1145
4.7100	-0.4603	-3.4306	0.6306	0.1139
4.7200	-0.4592	-3.4369	0.6309	0.1133
4.7300	-0.4581	-3.4432	0.6311	0.1127
4.7400	-0.4569	-3.4495	0.6313	0.1121
4.7500	-0.4558	-3.4558	0.6316	0.1115
4.7600	-0.4547	-3.4621	0.6318	0.1109
4.7700	-0.4536	-3.4684	0.6320	0.1103
4.7800	-0.4525	-3.4748	0.6323	0.1098
4.7900	-0.4514	-3.4811	0.6325	0.1092
4.8000	-0.4503	-3.4874	0.6327	0.1086
4.8100	-0.4492	-3.4937	0.6330	0.1081
4.8200	-0.4482	-3.5001	0.6332	0.1075
4.8300	-0.4471	-3.5064	0.6334	0.1070
4.8400	-0.4460	-3.5127	0.6336	0.1064
4.8500	-0.4450	-3.5191	0.6338	0.1059
4.8600	-0.4439	-3.5254	0.6341	0.1054
4.8700	-0.4428	-3.5318	0.6343	0.1048
4.8800	-0.4418	-3.5381	0.6345	0.1043
4.8900	-0.4408	-3.5445	0.6347	0.1038
4.9000	-0.4397	-3.5508	0.6349	0.1033
4.9100	-0.4387	-3.5572	0.6351	0.1027
4.9200	-0.4377	-3.5635	0.6353	0.1022
4.9300	-0.4367	-3.5699	0.6355	0.1017
4.9400	-0.4356	-3.5762	0.6357	0.1012
4.9500	-0.4346	-3.5826	0.6359	0.1007
4.9600	-0.4336	-3.5889	0.6362	0.1002
4.9700	-0.4326	-3.5953	0.6364	0.0997
4.9800	-0.4316	-3.6017	0.6366	0.0993
4.9900	-0.4306	-3.6080	0.6368	0.0988
5.0000	-0.4297	-3.6144	0.6369	0.0983
5.0100	-0.4287	-3.6208	0.6371	0.0978
5.0200	-0.4277	-3.6271	0.6373	0.0973
5.0300	-0.4267	-3.6335	0.6375	0.0969
5.0400	-0.4258	-3.6399	0.6377	0.0964
5.0500	-0.4248	-3.6463	0.6379	0.0959
5.0600	-0.4238	-3.6526	0.6381	0.0955
5.0700	-0.4229	-3.6590	0.6383	0.0950
5.0800	-0.4219	-3.6654	0.6385	0.0946
5.0900	-0.4210	-3.6718	0.6387	0.0941
5.1000	-0.4201	-3.6782	0.6388	0.0937
5.1100	-0.4191	-3.6846	0.6390	0.0932
5.1200	-0.4182	-3.6910	0.6392	0.0928
5.1300	-0.4173	-3.6974	0.6394	0.0924
5.1400	-0.4163	-3.7038	0.6396	0.0919
5.1500	-0.4154	-3.7102	0.6398	0.0915
5.1600	-0.4145	-3.7166	0.6399	0.0911
5.1700	-0.4136	-3.7230	0.6401	0.0907
5.1800	-0.4127	-3.7294	0.6403	0.0902
5.1900	-0.4118	-3.7358	0.6405	0.0898
5.2000	-0.4109	-3.7422	0.6406	0.0894
5.2100	-0.4100	-3.7486	0.6408	0.0890
5.2200	-0.4091	-3.7550	0.6410	0.0886
5.2300	-0.4082	-3.7614	0.6411	0.0882
5.2400	-0.4074	-3.7678	0.6413	0.0878
5.2500	-0.4065	-3.7742	0.6415	0.0874
5.2600	-0.4056	-3.7806	0.6416	0.0870
5.2700	-0.4047	-3.7870	0.6418	0.0866
5.2800	-0.4039	-3.7935	0.6420	0.0862
5.2900	-0.4030	-3.7999	0.6421	0.0858
5.3000	-0.4022	-3.8063	0.6423	0.0854
5.3100	-0.4013	-3.8127	0.6425	0.0851
5.3200	-0.4005	-3.8192	0.6426	0.0847
5.3300	-0.3996	-3.8256	0.6428	0.0843
5.3400	-0.3988	-3.8320	0.6429	0.0839
5.3500	-0.3979	-3.8384	0.6431	0.0836
5.3600	-0.3971	-3.8449	0.6432	0.0832
5.3700	-0.3963	-3.8513	0.6434	0.0828
5.3800	-0.3954	-3.8577	0.6435	0.0825
5.3900	-0.3946	-3.8642	0.6437	0.0821
5.4000	-0.3938	-3.8706	0.6439	0.0817
5.4100	-0.3930	-3.8771	0.6440	0.0814
5.4200	-0.3922	-3.8835	0.6442	0.0810
5.4300	-0.3914	-3.8899	0.6443	0.0807
5.4400	-0.3906	-3.8964	0.6445	0.0803
5.4500	-0.3898	-3.9028	0.6446	0.0800
5.4600	-0.3890	-3.9093	0.6447	0.0796
5.4700	-0.3882	-3.9157	0.6449	0.0793
5.4800	-0.3874	-3.9222	0.6450	0.0790
5.4900	-0.3866	-3.9286	0.6452	0.0786
5.5000	-0.3858	-3.9351	0.6453	0.0783
5.5100	-0.3850	-3.9415	0.6455	0.0780
5.5200	-0.3842	-3.9480	0.6456	0.0776
5.5300	-0.3835	-3.9544	0.6457	0.0773
5.5400	-0.3827	-3.9609	0.6459	0.0770
5.5500	-0.3819	-3.9674	0.6460	0.0766
5.5600	-0.3812	-3.9738	0.6462	0.0763
5.5700	-0.3804	-3.9803	0.6463	0.0760
5.5800	-0.3796	-3.9867	0.6464	0.0757
5.5900	-0.3789	-3.9932	0.6466	0.0754
5.6000	-0.3781	-3.9997	0.6467	0.0751
5.6100	-0.3774	-4.0061	0.6468	0.0747
5.6200	-0.3766	-4.0126	0.6470	0.0744
5.6300	-0.3759	-4.0191	0.6471	0.0741
5.6400	-0.3752	-4.0256	0.6472	0.0738
5.6500	-0.3744	-4.0320	0.6474	0.0735
5.6600	-0.3737	-4.0385	0.6475	0.0732
5.6700	-0.3730	-4.0450	0.6476	0.0729
5.6800	-0.3722	-4.0515	0.6478	0.0726
5.6900	-0.3715	-4.0579	0.6479	0.0723
5.7000	-0.3708	-4.0644	0.6480	0.0720
5.7100	-0.3701	-4.0709	0.6481	0.0717
5.7200	-0.3694	-4.0774	0.6483	0.0714
5.7300	-0.3686	-4.0839	0.6484	0.0711
5.7400	-0.3679	-4.0903	0.6485	0.0709
5.7500	-0.3672	-4.0968	0.6486	0.0706
5.7600	-0.3665	-4.1033	0.6487	0.0703
5.7700	-0.3658	-4.1098	0.6489	0.0700
5.7800	-0.3651	-4.1163	0.6490	0.0697
5.7900	-0.3644	-4.1228	0.6491	0.0695
5.8000	-0.3637	-4.1293	0.6492	0.0692
5.8100	-0.3630	-4.1358	0.6494	0.0689
5.8200	-0.3624	-4.1423	0.6495	0.0686
5.8300	-0.3617	-4.1488	0.6496	0.0684
5.8400	-0.3610	-4.1553	0.6497	0.0681
5.8500	-0.3603	-4.1618	0.6498	0.0678
5.8600	-0.3596	-4.1683	0.6499	0.0676
5.8700	-0.3590	-4.1748	0.6501	0.0673
5.8800	-0.3583	-4.1813	0.6502	0.0670
5.8900	-0.3576	-4.1878	0.6503	0.0668
5.9000	-0.3569	-4.1943	0.6504	0.0665
5.9100	-0.3563	-4.2008	0.6505	0.0662
5.9200	-0.3556	-4.2073	0.6506	0.0660
5.9300	-0.3550	-4.2138	0.6507	0.0657
5.9400	-0.3543	-4.2203	0.6508	0.0655
5.9500	-0.3537	-4.2268	0.6509	0.0652
5.9600	-0.3530	-4.2333	0.6511	0.0650
5.9700	-0.3524	-4.2398	0.6512	0.0647
5.9800	-0.3517	-4.2463	0.6513	0.0645
5.9900	-0.3511	-4.2528	0.6514	0.0642
6.0000	-0.3504	-4.2594	0.6515	0.0640
6.0100	-0.3498	-4.2659	0.6516	0.0637
6.0200	-0.3491	-4.2724	0.6517	0.0635
6.0300	-0.3485	-4.2789	0.6518	0.0633
6.0400	-0.3479	-4.2854	0.6519	0.0630
6.0500	-0.3473	-4.2919	0.6520	0.0628
6.0600	-0.3466	-4.2985	0.6521	0.0625
6.0700	-0.3460	-4.3050	0.6522	0.0623
6.0800	-0.3454	-4.3115	0.6523	0.0621
6.0900	-0.3448	-4.3180	0.6524	0.0618
6.1000	-0.3441	-4.3246	0.6525	0.0616
6.1100	-0.3435	-4.3311	0.6526	0.0614
6.1200	-0.3429	-4.3376	0.6527	0.0612
6.1300	-0.3423	-4.3441	0.6528	0.0609
6.1400	-0.3417	-4.3507	0.6529	0.0607
6.1500	-0.3411	-4.3572	0.6530	0.0605
6.1600	-0.3405	-4.3637	0.6531	0.0603
6.1700	-0.3399	-4.3703	0.6532	0.0600
6.1800	-0.3393	-4.3768	0.6533	0.0598
6.1900	-0.3387	-4.3833	0.6534	0.0596
6.2000	-0.3381	-4.3899	0.6535	0.0594
6.2100	-0.3375	-4.3964	0.6536	0.0592
6.2200	-0.3369	-4.4029	0.6537	0.0589
6.2300	-0.3363	-4.4095	0.6538	0.0587
6.2400	-0.3357	-4.4160	0.6539	0.0585
6.2500	-0.3352	-4.4225	0.6540	0.0583
6.2600	-0.3346	-4.4291	0.6541	0.0581
6.2700	-0.3340	-4.4356	0.6542	0.0579
6.2800	-0.3334	-4.4422	0.6543	0.0577
6.2900	-0.3328	-4.4487	0.6544	0.0575
6.3000	-0.3323	-4.4553	0.6544	0.0573
6.3100	-0.3317	-4.4618	0.6545	0.0571
6.3200	-0.3311	-4.4683	0.6546	0.0569
6.3300	-0.3306	-4.4749	0.6547	0.0567
6.3400	-0.3300	-4.4814	0.6548	0.0565
6.3500	-0.3294	-4.4880	0.6549	0.0563
6.3600	-0.3289	-4.4945	0.6550	0.0561
6.3700	-0.3283	-4.5011	0.6551	0.0559
6.3800	-0.3277	-4.5076	0.6552	0.0557
6.3900	-0.3272	-4.5142	0.6552	0.0555
6.4000	-0.3266	-4.5207	0.6553	0.0553
6.4100	-0.3261	-4.5273	0.6554	0.0551
6.4200	-0.3255	-4.5339	0.6555	0.0549
6.4300	-0.3250	-4.5404	0.6556	0.0547
6.4400	-0.3244	-4.5470	0.6557	0.0545
6.4500	-0.3239	-4.5535	0.6558	0.0543
6.4600	-0.3234	-4.5601	0.6558	0.0541
6.4700	-0.3228	-4.5666	0.6559	0.0539
6.4800	-0.3223	-4.5732	0.6560	0.0537
6.4900	-0.3217	-4.5798	0.6561	0.0536
6.5000	-0.3212	-4.5863	0.6562	0.0534
6.5100	-0.3207	-4.5929	0.6563	0.0532
6.5200	-0.3201	-4.5994	0.6563	0.0530
6.5300	-0.3196	-4.6060	0.6564	0.0528
6.5400	-0.3191	-4.6126	0.6565	0.0526
6.5500	-0.3186	-4.6191	0.6566	0.0525
6.5600	-0.3180	-4.6257	0.6567	0.0523
6.5700	-0.3175	-4.6323	0.6567	0.0521
6.5800	-0.3170	-4.6388	0.6568	0.0519
6.5900	-0.3165	-4.6454	0.6569	0.0518
6.6000	-0.3160	-4.6520	0.6570	0.0516
6.6100	-0.3154	-4.6585	0.6571	0.0514
6.6200	-0.3149	-4.6651	0.6571	0.0512
6.6300	-0.3144	-4.6717	0.6572	0.0511
6.6400	-0.3139	-4.6783	0.6573	0.0509
6.6500	-0.3134	-4.6848	0.6574	0.0507
6.6600	-0.3129	-4.6914	0.6574	0.0505
6.6700	-0.3124	-4.6980	0.6575	0.0504
6.6800	-0.3119	-4.7046	0.6576	0.0502
6.6900	-0.3114	-4.7111	0.6577	0.0500
6.7000	-0.3109	-4.7177	0.6577	0.0499
6.7100	-0.3104	-4.7243	0.6578	0.0497
6.7200	-0.3099	-4.7309	0.6579	0.0495
6.7300	-0.3094	-4.7374	0.6580	0.0494
6.7400	-0.3089	-4.7440	0.6580	0.0492
6.7500	-0.3084	-4.7506	0.6581	0.0491
6.7600	-0.3079	-4.7572	0.6582	0.0489
6.7700	-0.3074	-4.7638	0.6582	0.0487
6.7800	-0.3070	-4.7704	0.6583	0.0486
6.7900	-0.3065	-4.7769	0.6584	0.0484
6.8000	-0.3060	-4.7835	0.6585	0.0483
6.8100	-0.3055	-4.7901	0.6585	0.0481
6.8200	-0.3050	-4.7967	0.6586	0.0479
6.8300	-0.3045	-4.8033	0.6587	0.0478
6.8400	-0.3041	-4.8099	0.6587	0.0476
6.8500	-0.3036	-4.8165	0.6588	0.0475
6.8600	-0.3031	-4.8230	0.6589	0.0473
6.8700	-0.3026	-4.8296	0.6590	0.0472
6.8800	-0.3022	-4.8362	0.6590	0.0470
6.8900	-0.3017	-4.8428	0.6591	0.0469
6.9000	-0.3012	-4.8494	0.6592	0.0467
6.9100	-0.3008	-4.8560	0.6592	0.0466
6.9200	-0.3003	-4.8626	0.6593	0.0464
6.9300	-0.2998	-4.8692	0.6594	0.0463
6.9400	-0.2994	-4.8758	0.6594	0.0461
6.9500	-0.2989	-4.8824	0.6595	0.0460
6.9600	-0.2985	-4.8890	0.6596	0.0458
6.9700	-0.2980	-4.8956	0.6596	0.0457
6.9800	-0.2975	-4.9022	0.6597	0.0455
6.9900	-0.2971	-4.9088	0.6598	0.0454
7.0000	-0.2966	-4.9154	0.6598	0.0453
7.0100	-0.2962	-4.9220	0.6599	0.0451
7.0200	-0.2957	-4.9286	0.6599	0.0450
7.0300	-0.2953	-4.9352	0.6600	0.0448
7.0400	-0.2948	-4.9418	0.6601	0.0447
7.0500	-0.2944	-4.9484	0.6601	0.0445
7.0600	-0.2939	-4.9550	0.6602	0.0444
7.0700	-0.2935	-4.9616	0.6603	0.0443
7.0800	-0.2931	-4.9682	0.6603	0.0441
7.0900	-0.2926	-4.9748	0.6604	0.0440
7.1000	-0.2922	-4.9814	0.6604	0.0439
7.1100	-0.2917	-4.9880	0.6605	0.0437
7.1200	-0.2913	-4.9946	0.6606	0.0436
7.1300	-0.2909	-5.0012	0.6606	0.0434
7.1400	-0.2904	-5.0078	0.6607	0.0433
7.1500	-0.2900	-5.0144	0.6608	0.0432
7.1600	-0.2896	-5.0210	0.6608	0.0431
7.1700	-0.2891	-5.0276	0.6609	0.0429
7.1800	-0.2887	-5.0342	0.6609	0.0428
7.1900	-0.2883	-5.0408	0.6610	0.0427
7.2000	-0.2879	-5.0474	0.6611	0.0425
7.2100	-0.2874	-5.0541	0.6611	0.0424
7.2200	-0.2870	-5.0607	0.6612	0.0423
7.2300	-0.2866	-5.0673	0.6612	0.0421
7.2400	-0.2862	-5.0739	0.6613	0.0420
7.2500	-0.2858	-5.0805	0.6613	0.0419
7.2600	-0.2853	-5.0871	0.6614	0.0418
7.2700	-0.2849	-5.0937	0.6615	0.0416
7.2800	-0.2845	-5.1003	0.6615	0.0415
7.2900	-0.2841	-5.1070	0.6616	0.0414
7.3000	-0.2837	-5.1136	0.6616	0.0413
7.3100	-0.2833	-5.1202	0.6617	0.0411
7.3200	-0.2829	-5.1268	0.6617	0.0410
7.3300	-0.2824	-5.1334	0.6618	0.0409
7.3400	-0.2820	-5.1400	0.6619	0.0408
7.3500	-0.2816	-5.1467	0.6619	0.0406
7.3600	-0.2812	-5.1533	0.6620	0.0405
7.3700	-0.2808	-5.1599	0.6620	0.0404
7.3800	-0.2804	-5.1665	0.6621	0.0403
7.3900	-0.2800	-5.1731	0.6621	0.0402
7.4000	-0.2796	-5.1798	0.6622	0.0400
7.4100	-0.2792	-5.1864	0.6622	0.0399
7.4200	-0.2788	-5.1930	0.6623	0.0398
7.4300	-0.2784	-5.1996	0.6623	0.0397
7.4400	-0.2780	-5.2063	0.6624	0.0396
7.4500	-0.2776	-5.2129	0.6625	0.0395
7.4600	-0.2772	-5.2195	0.6625	0.0393
7.4700	-0.2768	-5.2261	0.6626	0.0392
7.4800	-0.2764	-5.2328	0.6626	0.0391
7.4900	-0.2761	-5.2394	0.6627	0.0390
7.5000	-0.2757	-5.2460	0.6627	0.0389
7.5100	-0.2753	-5.2526	0.6628	0.0388
7.5200	-0.2749	-5.2593	0.6628	0.0387
7.5300	-0.2745	-5.2659	0.6629	0.0386
7.5400	-0.2741	-5.2725	0.6629	0.0384
7.5500	-0.2737	-5.2792	0.6630	0.0383
7.5600	-0.2734	-5.2858	0.6630	0.0382
7.5700	-0.2730	-5.2924	0.6631	0.0381
7.5800	-0.2726	-5.2990	0.6631	0.0380
7.5900	-0.2722	-5.3057	0.6632	0.0379
7.6000	-0.2718	-5.3123	0.6632	0.0378
7.6100	-0.2715	-5.3189	0.6633	0.0377
7.6200	-0.2711	-5.3256	0.6633	0.0376
7.6300	-0.2707	-5.3322	0.6634	0.0375
7.6400	-0.2703	-5.3388	0.6634	0.0374
7.6500	-0.2700	-5.3455	0.6635	0.0372
7.6600	-0.2696	-5.3521	0.6635	0.0371
7.6700	-0.2692	-5.3587	0.6636	0.0370
7.6800	-0.2688	-5.3654	0.6636	0.0369
7.6900	-0.2685	-5.3720	0.6637	0.0368
7.7000	-0.2681	-5.3787	0.6637	0.0367
7.7100	-0.2677	-5.3853	0.6638	0.0366
7.7200	-0.2674	-5.3919	0.6638	0.0365
7.7300	-0.2670	-5.3986	0.6638	0.0364
7.7400	-0.2666	-5.4052	0.6639	0.0363
7.7500	-0.2663	-5.4118	0.6639	0.0362
7.7600	-0.2659	-5.4185	0.6640	0.0361
7.7700	-0.2656	-5.4251	0.6640	0.0360
7.7800	-0.2652	-5.4318	0.6641	0.0359
7.7900	-0.2648	-5.4384	0.6641	0.0358
7.8000	-0.2645	-5.4450	0.6642	0.0357
7.8100	-0.2641	-5.4517	0.6642	0.0356
7.8200	-0.2638	-5.4583	0.6643	0.0355
7.8300	-0.2634	-5.4650	0.6643	0.0354
7.8400	-0.2631	-5.4716	0.6644	0.0353
7.8500	-0.2627	-5.4783	0.6644	0.0352
7.8600	-0.2624	-5.4849	0.6644	0.0351
7.8700	-0.2620	-5.4916	0.6645	0.0350
7.8800	-0.2617	-5.4982	0.6645	0.0349
7.8900	-0.2613	-5.5048	0.6646	0.0348
7.9000	-0.2610	-5.5115	0.6646	0.0347
7.9100	-0.2606	-5.5181	0.6647	0.0346
7.9200	-0.2603	-5.5248	0.6647	0.0345
7.9300	-0.2599	-5.5314	0.6648	0.0345
7.9400	-0.2596	-5.5381	0.6648	0.0344
7.9500	-0.2592	-5.5447	0.6648	0.0343
7.9600	-0.2589	-5.5514	0.6649	0.0342
7.9700	-0.2586	-5.5580	0.6649	0.0341
7.9800	-0.2582	-5.5647	0.6650	0.0340
7.9900	-0.2579	-5.5713	0.6650	0.0339
8.0000	-0.2575	-5.5780	0.6651	0.0338
