T	Ut	Ft	St	Ct
0.0100	-nan	-inf	-nan	-nan
0.0200	-2.0000	-2.0000	0.0000	0.0000
0.0300	-2.0000	-2.0000	0.0000	0.0000
0.0400	-2.0000	-2.0000	0.0000	0.0000
0.0500	-2.0000	-2.0000	0.0000	0.0000
0.0600	-2.0000	-2.0000	-0.0000	0.0000
0.0700	-2.0000	-2.0000	0.0000	0.0000
0.0800	-2.0000	-2.0000	0.0000	0.0000
0.0900	-2.0000	-2.0000	-0.0000	0.0000
0.1000	-2.0000	-2.0000	-0.0000	0.0000
0.1100	-2.0000	-2.0000	-0.0000	0.0000
0.1200	-2.0000	-2.0000	0.0000	0.0000
0.1300	-2.0000	-2.0000	0.0000	0.0000
0.1400	-2.0000	-2.0000	-0.0000	0.0000
0.1500	-2.0000	-2.0000	0.0000	0.0000
0.1600	-2.0000	-2.0000	0.0000	0.0000
0.1700	-2.0000	-2.0000	0.0000	0.0000
0.1800	-2.0000	-2.0000	0.0000	0.0000
0.1900	-2.0000	-2.0000	0.0000	0.0000
0.2000	-2.0000	-2.0000	0.0000	0.0000
0.2100	-2.0000	-2.0000	0.0000	0.0000
0.2200	-2.0000	-2.0000	0.0000	-0.0000
0.2300	-2.0000	-2.0000	0.0000	0.0000
0.2400	-2.0000	-2.0000	0.0000	0.0000
0.2500	-2.0000	-2.0000	0.0000	0.0000
0.2600	-2.0000	-2.0000	0.0000	0.0000
0.2700	-2.0000	-2.0000	0.0000	0.0000
0.2800	-2.0000	-2.0000	0.0000	0.0000
0.2900	-2.0000	-2.0000	0.0000	0.0000
0.3000	-2.0000	-2.0000	0.0000	0.0000
0.3100	-2.0000	-2.0000	0.0000	0.0000
0.3200	-2.0000	-2.0000	0.0000	0.0000
0.3300	-2.0000	-2.0000	0.0000	0.0000
0.3400	-2.0000	-2.0000	0.0000	0.0000
0.3500	-2.0000	-2.0000	0.0000	0.0000
0.3600	-2.0000	-2.0000	0.0000	0.0000
0.3700	-2.0000	-2.0000	0.0000	0.0000
0.3800	-2.0000	-2.0000	0.0000	0.0000
0.3900	-2.0000	-2.0000	0.0000	0.0000
0.4000	-2.0000	-2.0000	0.0000	0.0000
0.4100	-2.0000	-2.0000	0.0000	0.0000
0.4200	-2.0000	-2.0000	0.0000	0.0000
0.4300	-2.0000	-2.0000	0.0000	0.0000
0.4400	-2.0000	-2.0000	0.0000	0.0000
0.4500	-2.0000	-2.0000	0.0000	0.0000
0.4600	-2.0000	-2.0000	0.0000	0.0000
0.4700	-2.0000	-2.0000	0.0000	0.0000
0.4800	-2.0000	-2.0000	0.0000	0.0000
0.4900	-2.0000	-2.0000	0.0000	0.0000
0.5000	-2.0000	-2.0000	0.0000	0.0000
0.5100	-2.0000	-2.0000	0.0000	0.0000
0.5200	-2.0000	-2.0000	0.0000	0.0000
0.5300	-2.0000	-2.0000	0.0000	0.0001
0.5400	-2.0000	-2.0000	0.0000	0.0001
0.5500	-2.0000	-2.0000	0.0000	0.0001
0.5600	-2.0000	-2.0000	0.0000	0.0001
0.5700	-2.0000	-2.0000	0.0000	0.0001
0.5800	-2.0000	-2.0000	0.0000	0.0002
0.5900	-2.0000	-2.0000	0.0000	0.0002
0.6000	-2.0000	-2.0000	0.0000	0.0003
0.6100	-2.0000	-2.0000	0.0000	0.0003
0.6200	-2.0000	-2.0000	0.0000	0.0004
0.6300	-2.0000	-2.0000	0.0000	0.0005
0.6400	-2.0000	-2.0000	0.0000	0.0005
0.6500	-2.0000	-2.0000	0.0001	0.0006
0.6600	-2.0000	-2.0000	0.0001	0.0007
0.6700	-2.0000	-2.0000	0.0001	0.0009
0.6800	-1.9999	-2.0000	0.0001	0.0010
0.6900	-1.9999	-2.0000	0.0001	0.0012
0.7000	-1.9999	-2.0000	0.0001	0.0013
0.7100	-1.9999	-2.0000	0.0001	0.0015
0.7200	-1.9999	-2.0000	0.0002	0.0017
0.7300	-1.9999	-2.0000	0.0002	0.0020
0.7400	-1.9999	-2.0000	0.0002	0.0022
0.7500	-1.9998	-2.0000	0.0003	0.0025
0.7600	-1.9998	-2.0000	0.0003	0.0028
0.7700	-1.9998	-2.0000	0.0003	0.0031
0.7800	-1.9997	-2.0000	0.0004	0.0035
0.7900	-1.9997	-2.0000	0.0004	0.0039
0.8000	-1.9997	-2.0000	0.0005	0.0043
0.8100	-1.9996	-2.0000	0.0005	0.0048
0.8200	-1.9996	-2.0000	0.0006	0.0052
0.8300	-1.9995	-2.0001	0.0007	0.0058
0.8400	-1.9994	-2.0001	0.0007	0.0063
0.8500	-1.9994	-2.0001	0.0008	0.0069
0.8600	-1.9993	-2.0001	0.0009	0.0076
0.8700	-1.9992	-2.0001	0.0010	0.0083
0.8800	-1.9991	-2.0001	0.0011	0.0090
0.8900	-1.9991	-2.0001	0.0012	0.0098
0.9000	-1.9989	-2.0001	0.0013	0.0106
0.9100	-1.9988	-2.0001	0.0014	0.0115
0.9200	-1.9987	-2.0001	0.0015	0.0124
0.9300	-1.9986	-2.0002	0.0017	0.0134
0.9400	-1.9985	-2.0002	0.0018	0.0144
0.9500	-1.9983	-2.0002	0.0020	0.0154
0.9600	-1.9981	-2.0002	0.0022	0.0166
0.9700	-1.9980	-2.0002	0.0023	0.0178
0.9800	-1.9978	-2.0003	0.0025	0.0190
0.9900	-1.9976	-2.0003	0.0027	0.0203
1.0000	-1.9974	-2.0003	0.0029	0.0217
1.0100	-1.9972	-2.0004	0.0032	0.0231
1.0200	-1.9969	-2.0004	0.0034	0.0246
1.0300	-1.9967	-2.0004	0.0036	0.0262
1.0400	-1.9964	-2.0005	0.0039	0.0278
1.0500	-1.9961	-2.0005	0.0042	0.0295
1.0600	-1.9958	-2.0005	0.0045	0.0313
1.0700	-1.9955	-2.0006	0.0048	0.0331
1.0800	-1.9951	-2.0006	0.0051	0.0350
1.0900	-1.9948	-2.0007	0.0054	0.0370
1.1000	-1.9944	-2.0007	0.0058	0.0390
1.1100	-1.9940	-2.0008	0.0061	0.0412
1.1200	-1.9936	-2.0009	0.0065	0.0434
1.1300	-1.9931	-2.0009	0.0069	0.0457
1.1400	-1.9927	-2.0010	0.0073	0.0481
1.1500	-1.9922	-2.0011	0.0077	0.0505
1.1600	-1.9917	-2.0012	0.0082	0.0531
1.1700	-1.9911	-2.0012	0.0087	0.0557
1.1800	-1.9905	-2.0013	0.0091	0.0584
1.1900	-1.9899	-2.0014	0.0096	0.0612
1.2000	-1.9893	-2.0015	0.0102	0.0641
1.2100	-1.9887	-2.0016	0.0107	0.0671
1.2200	-1.9880	-2.0017	0.0113	0.0702
1.2300	-1.9873	-2.0019	0.0119	0.0733
1.2400	-1.9865	-2.0020	0.0125	0.0766
1.2500	-1.9857	-2.0021	0.0131	0.0800
1.2600	-1.9849	-2.0022	0.0138	0.0835
1.2700	-1.9841	-2.0024	0.0144	0.0870
1.2800	-1.9832	-2.0025	0.0151	0.0907
1.2900	-1.9822	-2.0027	0.0158	0.0945
1.3000	-1.9813	-2.0028	0.0166	0.0984
1.3100	-1.9803	-2.0030	0.0174	0.1024
1.3200	-1.9792	-2.0032	0.0182	0.1065
1.3300	-1.9781	-2.0034	0.0190	0.1107
1.3400	-1.9770	-2.0036	0.0198	0.1150
1.3500	-1.9758	-2.0038	0.0207	0.1194
1.3600	-1.9746	-2.0040	0.0216	0.1240
1.3700	-1.9734	-2.0042	0.0225	0.1286
1.3800	-1.9721	-2.0044	0.0235	0.1334
1.3900	-1.9707	-2.0047	0.0244	0.1383
1.4000	-1.9693	-2.0049	0.0255	0.1433
1.4100	-1.9678	-2.0052	0.0265	0.1484
1.4200	-1.9663	-2.0055	0.0276	0.1537
1.4300	-1.9648	-2.0057	0.0287	0.1590
1.4400	-1.9631	-2.0060	0.0298	0.1645
1.4500	-1.9615	-2.0063	0.0309	0.1701
1.4600	-1.9597	-2.0066	0.0321	0.1759
1.4700	-1.9579	-2.0070	0.0334	0.1817
1.4800	-1.9561	-2.0073	0.0346	0.1877
1.4900	-1.9542	-2.0077	0.0359	0.1939
1.5000	-1.9522	-2.0080	0.0372	0.2001
1.5100	-1.9502	-2.0084	0.0386	0.2065
1.5200	-1.9481	-2.0088	0.0399	0.2130
1.5300	-1.9459	-2.0092	0.0414	0.2197
1.5400	-1.9437	-2.0096	0.0428	0.2265
1.5500	-1.9414	-2.0101	0.0443	0.2334
1.5600	-1.9390	-2.0105	0.0458	0.2405
1.5700	-1.9366	-2.0110	0.0474	0.2477
1.5800	-1.9341	-2.0115	0.0490	0.2550
1.5900	-1.9315	-2.0120	0.0506	0.2625
1.6000	-1.9288	-2.0125	0.0523	0.2702
1.6100	-1.9261	-2.0130	0.0540	0.2780
1.6200	-1.9233	-2.0136	0.0557	0.2859
1.6300	-1.9204	-2.0141	0.0575	0.2940
1.6400	-1.9174	-2.0147	0.0593	0.3022
1.6500	-1.9143	-2.0153	0.0612	0.3106
1.6600	-1.9112	-2.0159	0.0631	0.3191
1.6700	-1.9079	-2.0166	0.0650	0.3277
1.6800	-1.9046	-2.0172	0.0670	0.3366
1.6900	-1.9012	-2.0179	0.0691	0.3455
1.7000	-1.8977	-2.0186	0.0711	0.3547
1.7100	-1.8941	-2.0193	0.0732	0.3640
1.7200	-1.8904	-2.0201	0.0754	0.3734
1.7300	-1.8866	-2.0208	0.0776	0.3830
1.7400	-1.8828	-2.0216	0.0798	0.3927
1.7500	-1.8788	-2.0224	0.0821	0.4026
1.7600	-1.8747	-2.0233	0.0844	0.4127
1.7700	-1.8705	-2.0241	0.0868	0.4229
1.7800	-1.8663	-2.0250	0.0892	0.4333
1.7900	-1.8619	-2.0259	0.0916	0.4439
1.8000	-1.8574	-2.0268	0.0941	0.4546
1.8100	-1.8528	-2.0278	0.0967	0.4655
1.8200	-1.8481	-2.0288	0.0993	0.4765
1.8300	-1.8432	-2.0298	0.1019	0.4878
1.8400	-1.8383	-2.0308	0.1046	0.4992
1.8500	-1.8333	-2.0319	0.1074	0.5109
1.8600	-1.8281	-2.0330	0.1101	0.5227
1.8700	-1.8228	-2.0341	0.1130	0.5348
1.8800	-1.8174	-2.0352	0.1159	0.5470
1.8900	-1.8119	-2.0364	0.1188	0.5595
1.9000	-1.8062	-2.0376	0.1218	0.5723
1.9100	-1.8004	-2.0388	0.1248	0.5853
1.9200	-1.7945	-2.0401	0.1279	0.5987
1.9300	-1.7884	-2.0414	0.1311	0.6123
1.9400	-1.7823	-2.0427	0.1343	0.6262
1.9500	-1.7759	-2.0441	0.1375	0.6406
1.9600	-1.7694	-2.0455	0.1408	0.6553
1.9700	-1.7628	-2.0469	0.1442	0.6704
1.9800	-1.7560	-2.0484	0.1476	0.6860
1.9900	-1.7491	-2.0498	0.1511	0.7020
2.0000	-1.7420	-2.0514	0.1547	0.7186
2.0100	-1.7347	-2.0529	0.1583	0.7358
2.0200	-1.7273	-2.0545	0.1620	0.7537
2.0300	-1.7196	-2.0562	0.1658	0.7722
2.0400	-1.7118	-2.0579	0.1696	0.7915
2.0500	-1.7038	-2.0596	0.1735	0.8116
2.0600	-1.6956	-2.0613	0.1775	0.8326
2.0700	-1.6872	-2.0631	0.1816	0.8545
2.0800	-1.6785	-2.0650	0.1858	0.8774
2.0900	-1.6696	-2.0668	0.1901	0.9014
2.1000	-1.6605	-2.0688	0.1944	0.9264
2.1100	-1.6511	-2.0707	0.1989	0.9527
2.1200	-1.6414	-2.0727	0.2035	0.9800
2.1300	-1.6315	-2.0748	0.2081	1.0086
2.1400	-1.6212	-2.0769	0.2129	1.0383
2.1500	-1.6107	-2.0791	0.2178	1.0692
2.1600	-1.5998	-2.0813	0.2229	1.1011
2.1700	-1.5887	-2.0835	0.2280	1.1339
2.1800	-1.5772	-2.0858	0.2333	1.1675
2.1900	-1.5653	-2.0882	0.2388	1.2016
2.2000	-1.5531	-2.0906	0.2443	1.2361
2.2100	-1.5406	-2.0931	0.2500	1.2706
2.2200	-1.5277	-2.0956	0.2558	1.3046
2.2300	-1.5145	-2.0982	0.2617	1.3380
2.2400	-1.5010	-2.1008	0.2678	1.3701
2.2500	-1.4871	-2.1035	0.2740	1.4005
2.2600	-1.4730	-2.1063	0.2802	1.4287
2.2700	-1.4585	-2.1091	0.2866	1.4543
2.2800	-1.4439	-2.1120	0.2931	1.4767
2.2900	-1.4290	-2.1150	0.2996	1.4956
2.3000	-1.4140	-2.1180	0.3061	1.5105
2.3100	-1.3988	-2.1211	0.3127	1.5212
2.3200	-1.3836	-2.1243	0.3193	1.5274
2.3300	-1.3683	-2.1275	0.3258	1.5290
2.3400	-1.3530	-2.1308	0.3324	1.5260
2.3500	-1.3378	-2.1342	0.3389	1.5184
2.3600	-1.3227	-2.1376	0.3453	1.5065
2.3700	-1.3077	-2.1411	0.3516	1.4905
2.3800	-1.2929	-2.1446	0.3579	1.4708
2.3900	-1.2783	-2.1482	0.3640	1.4476
2.4000	-1.2639	-2.1519	0.3700	1.4215
2.4100	-1.2498	-2.1556	0.3758	1.3930
2.4200	-1.2361	-2.1594	0.3815	1.3624
2.4300	-1.2226	-2.1633	0.3871	1.3302
2.4400	-1.2095	-2.1672	0.3925	1.2969
2.4500	-1.1967	-2.1711	0.3977	1.2628
2.4600	-1.1842	-2.1751	0.4028	1.2284
2.4700	-1.1721	-2.1792	0.4077	1.1939
2.4800	-1.1603	-2.1833	0.4125	1.1597
2.4900	-1.1489	-2.1874	0.4171	1.1259
2.5000	-1.1378	-2.1916	0.4215	1.0929
2.5100	-1.1270	-2.1958	0.4258	1.0606
2.5200	-1.1166	-2.2001	0.4300	1.0293
2.5300	-1.1065	-2.2044	0.4340	0.9991
2.5400	-1.0966	-2.2088	0.4379	0.9699
2.5500	-1.0871	-2.2132	0.4416	0.9419
2.5600	-1.0778	-2.2176	0.4453	0.9151
2.5700	-1.0687	-2.2221	0.4488	0.8895
2.5800	-1.0600	-2.2266	0.4522	0.8649
2.5900	-1.0514	-2.2311	0.4555	0.8416
2.6000	-1.0431	-2.2357	0.4587	0.8193
2.6100	-1.0351	-2.2403	0.4618	0.7980
2.6200	-1.0272	-2.2449	0.4648	0.7778
2.6300	-1.0195	-2.2496	0.4677	0.7586
2.6400	-1.0120	-2.2543	0.4706	0.7403
2.6500	-1.0047	-2.2590	0.4733	0.7229
2.6600	-0.9975	-2.2638	0.4760	0.7063
2.6700	-0.9906	-2.2685	0.4786	0.6904
2.6800	-0.9837	-2.2733	0.4812	0.6754
2.6900	-0.9770	-2.2782	0.4837	0.6610
2.7000	-0.9705	-2.2830	0.4861	0.6473
2.7100	-0.9641	-2.2879	0.4885	0.6342
2.7200	-0.9578	-2.2928	0.4908	0.6216
2.7300	-0.9517	-2.2977	0.4931	0.6097
2.7400	-0.9456	-2.3026	0.4953	0.5982
2.7500	-0.9397	-2.3076	0.4974	0.5872
2.7600	-0.9339	-2.3126	0.4995	0.5766
2.7700	-0.9282	-2.3176	0.5016	0.5665
2.7800	-0.9225	-2.3226	0.5036	0.5568
2.7900	-0.9170	-2.3277	0.5056	0.5474
2.8000	-0.9116	-2.3327	0.5075	0.5384
2.8100	-0.9063	-2.3378	0.5095	0.5297
2.8200	-0.9010	-2.3429	0.5113	0.5213
2.8300	-0.8958	-2.3481	0.5132	0.5132
2.8400	-0.8907	-2.3532	0.5149	0.5054
2.8500	-0.8857	-2.3583	0.5167	0.4978
2.8600	-0.8808	-2.3635	0.5184	0.4904
2.8700	-0.8759	-2.3687	0.5201	0.4833
2.8800	-0.8711	-2.3739	0.5218	0.4764
2.8900	-0.8664	-2.3792	0.5234	0.4697
2.9000	-0.8617	-2.3844	0.5251	0.4632
2.9100	-0.8571	-2.3897	0.5266	0.4569
2.9200	-0.8526	-2.3949	0.5282	0.4508
2.9300	-0.8481	-2.4002	0.5297	0.4448
2.9400	-0.8437	-2.4055	0.5312	0.4390
2.9500	-0.8393	-2.4108	0.5327	0.4333
2.9600	-0.8350	-2.4162	0.5342	0.4278
2.9700	-0.8308	-2.4215	0.5356	0.4224
2.9800	-0.8266	-2.4269	0.5370	0.4171
2.9900	-0.8224	-2.4323	0.5384	0.4119
3.0000	-0.8183	-2.4377	0.5398	0.4069
3.0100	-0.8143	-2.4431	0.5411	0.4020
3.0200	-0.8103	-2.4485	0.5424	0.3972
3.0300	-0.8063	-2.4539	0.5438	0.3925
3.0400	-0.8024	-2.4594	0.5450	0.3879
3.0500	-0.7986	-2.4648	0.5463	0.3834
3.0600	-0.7948	-2.4703	0.5476	0.3790
3.0700	-0.7910	-2.4758	0.5488	0.3747
3.0800	-0.7873	-2.4813	0.5500	0.3704
3.0900	-0.7836	-2.4868	0.5512	0.3663
3.1000	-0.7800	-2.4923	0.5524	0.3622
3.1100	-0.7764	-2.4978	0.5535	0.3582
3.1200	-0.7728	-2.5034	0.5547	0.3543
3.1300	-0.7693	-2.5089	0.5558	0.3504
3.1400	-0.7658	-2.5145	0.5569	0.3467
3.1500	-0.7623	-2.5200	0.5580	0.3430
3.1600	-0.7589	-2.5256	0.5591	0.3393
3.1700	-0.7555	-2.5312	0.5602	0.3358
3.1800	-0.7522	-2.5368	0.5612	0.3323
3.1900	-0.7489	-2.5424	0.5622	0.3288
3.2000	-0.7456	-2.5481	0.5633	0.3255
3.2100	-0.7424	-2.5537	0.5643	0.3221
3.2200	-0.7392	-2.5594	0.5653	0.3189
3.2300	-0.7360	-2.5650	0.5663	0.3157
3.2400	-0.7329	-2.5707	0.5672	0.3125
3.2500	-0.7298	-2.5764	0.5682	0.3094
3.2600	-0.7267	-2.5820	0.5691	0.3064
3.2700	-0.7236	-2.5877	0.5701	0.3034
3.2800	-0.7206	-2.5935	0.5710	0.3005
3.2900	-0.7176	-2.5992	0.5719	0.2976
3.3000	-0.7147	-2.6049	0.5728	0.2947
3.3100	-0.7117	-2.6106	0.5737	0.2919
3.3200	-0.7088	-2.6164	0.5746	0.2892
3.3300	-0.7059	-2.6221	0.5754	0.2865
3.3400	-0.7031	-2.6279	0.5763	0.2838
3.3500	-0.7003	-2.6336	0.5771	0.2812
3.3600	-0.6975	-2.6394	0.5780	0.2786
3.3700	-0.6947	-2.6452	0.5788	0.2761
3.3800	-0.6919	-2.6510	0.5796	0.2736
3.3900	-0.6892	-2.6568	0.5804	0.2711
3.4000	-0.6865	-2.6626	0.5812	0.2687
3.4100	-0.6839	-2.6684	0.5820	0.2663
3.4200	-0.6812	-2.6742	0.5828	0.2640
3.4300	-0.6786	-2.6801	0.5835	0.2617
3.4400	-0.6760	-2.6859	0.5843	0.2594
3.4500	-0.6734	-2.6918	0.5850	0.2571
3.4600	-0.6708	-2.6976	0.5858	0.2549
3.4700	-0.6683	-2.7035	0.5865	0.2527
3.4800	-0.6658	-2.7093	0.5872	0.2506
3.4900	-0.6633	-2.7152	0.5879	0.2485
3.5000	-0.6608	-2.7211	0.5887	0.2464
3.5100	-0.6583	-2.7270	0.5894	0.2444
3.5200	-0.6559	-2.7329	0.5900	0.2423
3.5300	-0.6535	-2.7388	0.5907	0.2403
3.5400	-0.6511	-2.7447	0.5914	0.2384
3.5500	-0.6487	-2.7506	0.5921	0.2364
3.5600	-0.6464	-2.7565	0.5927	0.2345
3.5700	-0.6440	-2.7625	0.5934	0.2326
3.5800	-0.6417	-2.7684	0.5940	0.2308
3.5900	-0.6394	-2.7744	0.5947	0.2289
3.6000	-0.6371	-2.7803	0.5953	0.2271
3.6100	-0.6349	-2.7863	0.5959	0.2253
3.6200	-0.6326	-2.7922	0.5966	0.2236
3.6300	-0.6304	-2.7982	0.5972	0.2218
3.6400	-0.6282	-2.8042	0.5978	0.2201
3.6500	-0.6260	-2.8101	0.5984	0.2184
3.6600	-0.6238	-2.8161	0.5990	0.2168
3.6700	-0.6217	-2.8221	0.5996	0.2151
3.6800	-0.6195	-2.8281	0.6002	0.2135
3.6900	-0.6174	-2.8341	0.6007	0.2119
3.7000	-0.6153	-2.8401	0.6013	0.2103
3.7100	-0.6132	-2.8462	0.6019	0.2087
3.7200	-0.6111	-2.8522	0.6024	0.2072
3.7300	-0.6091	-2.8582	0.6030	0.2056
3.7400	-0.6070	-2.8642	0.6035	0.2041
3.7500	-0.6050	-2.8703	0.6041	0.2026
3.7600	-0.6030	-2.8763	0.6046	0.2012
3.7700	-0.6009	-2.8824	0.6052	0.1997
3.7800	-0.5990	-2.8884	0.6057	0.1983
3.7900	-0.5970	-2.8945	0.6062	0.1968
3.8000	-0.5950	-2.9005	0.6067	0.1954
3.8100	-0.5931	-2.9066	0.6072	0.1941
3.8200	-0.5911	-2.9127	0.6077	0.1927
3.8300	-0.5892	-2.9188	0.6082	0.1913
3.8400	-0.5873	-2.9249	0.6087	0.1900
3.8500	-0.5854	-2.9309	0.6092	0.1887
3.8600	-0.5835	-2.9370	0.6097	0.1873
3.8700	-0.5817	-2.9431	0.6102	0.1861
3.8800	-0.5798	-2.9492	0.6107	0.1848
3.8900	-0.5780	-2.9554	0.6112	0.1835
3.9000	-0.5761	-2.9615	0.6116	0.1822
3.9100	-0.5743	-2.9676	0.6121	0.1810
3.9200	-0.5725	-2.9737	0.6125	0.1798
3.9300	-0.5707	-2.9798	0.6130	0.1786
3.9400	-0.5690	-2.9860	0.6135	0.1774
3.9500	-0.5672	-2.9921	0.6139	0.1762
3.9600	-0.5654	-2.9982	0.6143	0.1750
3.9700	-0.5637	-3.0044	0.6148	0.1739
3.9800	-0.5620	-3.0105	0.6152	0.1727
3.9900	-0.5602	-3.0167	0.6157	0.1716
4.0000	-0.5585	-3.0229	0.6161	0.1704
4.0100	-0.5568	-3.0290	0.6165	0.1693
4.0200	-0.5551	-3.0352	0.6169	0.1682
4.0300	-0.5535	-3.0414	0.6173	0.1671
4.0400	-0.5518	-3.0475	0.6178	0.1661
4.0500	-0.5501	-3.0537	0.6182	0.1650
4.0600	-0.5485	-3.0599	0.6186	0.1639
4.0700	-0.5469	-3.0661	0.6190	0.1629
4.0800	-0.5452	-3.0723	0.6194	0.1619
4.0900	-0.5436	-3.0785	0.6198	0.1608
4.1000	-0.5420	-3.0847	0.6202	0.1598
4.1100	-0.5404	-3.0909	0.6205	0.1588
4.1200	-0.5388	-3.0971	0.6209	0.1578
4.1300	-0.5373	-3.1033	0.6213	0.1568
4.1400	-0.5357	-3.1095	0.6217	0.1559
4.1500	-0.5342	-3.1157	0.6221	0.1549
4.1600	-0.5326	-3.1219	0.6224	0.1539
4.1700	-0.5311	-3.1282	0.6228	0.1530
4.1800	-0.5295	-3.1344	0.6232	0.1521
4.1900	-0.5280	-3.1406	0.6235	0.1511
4.2000	-0.5265	-3.1469	0.6239	0.1502
4.2100	-0.5250	-3.1531	0.6242	0.1493
4.2200	-0.5235	-3.1594	0.6246	0.1484
4.2300	-0.5221	-3.1656	0.6250	0.1475
4.2400	-0.5206	-3.1719	0.6253	0.1466
4.2500	-0.5191	-3.1781	0.6256	0.1457
4.2600	-0.5177	-3.1844	0.6260	0.1449
4.2700	-0.5162	-3.1906	0.6263	0.1440
4.2800	-0.5148	-3.1969	0.6267	0.1432
4.2900	-0.5134	-3.2032	0.6270	0.1423
4.3000	-0.5119	-3.2094	0.6273	0.1415
4.3100	-0.5105	-3.2157	0.6277	0.1407
4.3200	-0.5091	-3.2220	0.6280	0.1398
4.3300	-0.5077	-3.2283	0.6283	0.1390
4.3400	-0.5064	-3.2346	0.6286	0.1382
4.3500	-0.5050	-3.2408	0.6289	0.1374
4.3600	-0.5036	-3.2471	0.6292	0.1366
4.3700	-0.5022	-3.2534	0.6296	0.1359
4.3800	-0.5009	-3.2597	0.6299	0.1351
4.3900	-0.4995	-3.2660	0.6302	0.1343
4.4000	-0.4982	-3.2723	0.6305	0.1335
4.4100	-0.4969	-3.2786	0.6308	0.1328
4.4200	-0.4955	-3.2849	0.6311	0.1320
4.4300	-0.4942	-3.2913	0.6314	0.1313
4.4400	-0.4929	-3.2976	0.6317	0.1306
4.4500	-0.4916	-3.3039	0.6320	0.1298
4.4600	-0.4903	-3.3102	0.6323	0.1291
4.4700	-0.4890	-3.3165	0.6326	0.1284
4.4800	-0.4878	-3.3229	0.6328	0.1277
4.4900	-0.4865	-3.3292	0.6331	0.1270
4.5000	-0.4852	-3.3355	0.6334	0.1263
4.5100	-0.4840	-3.3419	0.6337	0.1256
4.5200	-0.4827	-3.3482	0.6340	0.1249
4.5300	-0.4815	-3.3545	0.6342	0.1242
4.5400	-0.4802	-3.3609	0.6345	0.1236
4.5500	-0.4790	-3.3672	0.6348	0.1229
4.5600	-0.4778	-3.3736	0.6350	0.1222
4.5700	-0.4765	-3.3799	0.6353	0.1216
4.5800	-0.4753	-3.3863	0.6356	0.1209
4.5900	-0.4741	-3.3926	0.6358	0.1203
4.6000	-0.4729	-3.3990	0.6361	0.1196
4.6100	-0.4717	-3.4054	0.6364	0.1190
4.6200	-0.4705	-3.4117	0.6366	0.1184
4.6300	-0.4694	-3.4181	0.6369	0.1178
4.6400	-0.4682	-3.4245	0.6371	0.1171
4.6500	-0.4670	-3.4308	0.6374	0.1165
4.6600	-0.4659	-3.4372	0.6376	0.1159
4.6700	-0.4647	-3.4436	0.6379	0.1153
4.6800	-0.4636	-3.4500	0.6381	0.1147
4.6900	-0.4624	-3.4564	0.6384	0.1141
4.7000	-0.4613	-3.4627	0.6386	0.1135
4.7100	-0.4601	-3.4691	0.6389	0.1129
4.7200	-0.4590	-3.4755	0.6391	0.1124
4.7300	-0.4579	-3.4819	0.6393	0.1118
4.7400	-0.4568	-3.4883	0.6396	0.1112
4.7500	-0.4557	-3.4947	0.6398	0.1107
4.7600	-0.4546	-3.5011	0.6400	0.1101
4.7700	-0.4535	-3.5075	0.6403	0.1095
4.7800	-0.4524	-3.5139	0.6405	0.1090
4.7900	-0.4513	-3.5203	0.6407	0.1084
4.8000	-0.4502	-3.5267	0.6409	0.1079
4.8100	-0.4491	-3.5331	0.6412	0.1074
4.8200	-0.4481	-3.5395	0.6414	0.1068
4.8300	-0.4470	-3.5460	0.6416	0.1063
4.8400	-0.4459	-3.5524	0.6418	0.1058
4.8500	-0.4449	-3.5588	0.6420	0.1053
4.8600	-0.4438	-3.5652	0.6423	0.1047
4.8700	-0.4428	-3.5716	0.6425	0.1042
4.8800	-0.4417	-3.5781	0.6427	0.1037
4.8900	-0.4407	-3.5845	0.6429	0.1032
4.9000	-0.4397	-3.5909	0.6431	0.1027
4.9100	-0.4387	-3.5974	0.6433	0.1022
4.9200	-0.4376	-3.6038	0.6435	0.1017
4.9300	-0.4366	-3.6102	0.6437	0.1012
4.9400	-0.4356	-3.6167	0.6439	0.1007
4.9500	-0.4346	-3.6231	0.6441	0.1002
4.9600	-0.4336	-3.6295	0.6443	0.0998
4.9700	-0.4326	-3.6360	0.6445	0.0993
4.9800	-0.4316	-3.6424	0.6447	0.0988
4.9900	-0.4306	-3.6489	0.6449	0.0983
5.0000	-0.4296	-3.6553	0.6451	0.0979
5.0100	-0.4287	-3.6618	0.6453	0.0974
5.0200	-0.4277	-3.6682	0.6455	0.0970
5.0300	-0.4267	-3.6747	0.6457	0.0965
5.0400	-0.4258	-3.6812	0.6459	0.0961
5.0500	-0.4248	-3.6876	0.6461	0.0956
5.0600	-0.4239	-3.6941	0.6463	0.0952
5.0700	-0.4229	-3.7005	0.6465	0.0947
5.0800	-0.4220	-3.7070	0.6467	0.0943
5.0900	-0.4210	-3.7135	0.6468	0.0938
5.1000	-0.4201	-3.7199	0.6470	0.0934
5.1100	-0.4192	-3.7264	0.6472	0.0930
5.1200	-0.4182	-3.7329	0.6474	0.0926
5.1300	-0.4173	-3.7394	0.6476	0.0921
5.1400	-0.4164	-3.7458	0.6478	0.0917
5.1500	-0.4155	-3.7523	0.6479	0.0913
5.1600	-0.4146	-3.7588	0.6481	0.0909
5.1700	-0.4137	-3.7653	0.6483	0.0905
5.1800	-0.4127	-3.7718	0.6485	0.0901
5.1900	-0.4119	-3.7783	0.6486	0.0897
5.2000	-0.4110	-3.7847	0.6488	0.0893
5.2100	-0.4101	-3.7912	0.6490	0.0889
5.2200	-0.4092	-3.7977	0.6491	0.0885
5.2300	-0.4083	-3.8042	0.6493	0.0881
5.2400	-0.4074	-3.8107	0.6495	0.0877
5.2500	-0.4065	-3.8172	0.6496	0.0873
5.2600	-0.4057	-3.8237	0.6498	0.0869
5.2700	-0.4048	-3.8302	0.6500	0.0865
5.2800	-0.4039	-3.8367	0.6501	0.0861
5.2900	-0.4031	-3.8432	0.6503	0.0857
5.3000	-0.4022	-3.8497	0.6505	0.0854
5.3100	-0.4014	-3.8562	0.6506	0.0850
5.3200	-0.4005	-3.8627	0.6508	0.0846
5.3300	-0.3997	-3.8692	0.6509	0.0843
5.3400	-0.3988	-3.8757	0.6511	0.0839
5.3500	-0.3980	-3.8822	0.6513	0.0835
5.3600	-0.3972	-3.8888	0.6514	0.0832
5.3700	-0.3963	-3.8953	0.6516	0.0828
5.3800	-0.3955	-3.9018	0.6517	0.0825
5.3900	-0.3947	-3.9083	0.6519	0.0821
5.4000	-0.3939	-3.9148	0.6520	0.0817
5.4100	-0.3931	-3.9214	0.6522	0.0814
5.4200	-0.3922	-3.9279	0.6523	0.0811
5.4300	-0.3914	-3.9344	0.6525	0.0807
5.4400	-0.3906	-3.9409	0.6526	0.0804
5.4500	-0.3898	-3.9474	0.6528	0.0800
5.4600	-0.3890	-3.9540	0.6529	0.0797
5.4700	-0.3882	-3.9605	0.6531	0.0794
5.4800	-0.3874	-3.9670	0.6532	0.0790
5.4900	-0.3867	-3.9736	0.6534	0.0787
5.5000	-0.3859	-3.9801	0.6535	0.0784
5.5100	-0.3851	-3.9866	0.6536	0.0780
5.5200	-0.3843	-3.9932	0.6538	0.0777
5.5300	-0.3835	-3.9997	0.6539	0.0774
5.5400	-0.3828	-4.0063	0.6541	0.0771
5.5500	-0.3820	-4.0128	0.6542	0.0767
5.5600	-0.3812	-4.0193	0.6543	0.0764
5.5700	-0.3805	-4.0259	0.6545	0.0761
5.5800	-0.3797	-4.0324	0.6546	0.0758
5.5900	-0.3789	-4.0390	0.6547	0.0755
5.6000	-0.3782	-4.0455	0.6549	0.0752
5.6100	-0.3774	-4.0521	0.6550	0.0749
5.6200	-0.3767	-4.0586	0.6551	0.0746
5.6300	-0.3760	-4.0652	0.6553	0.0743
5.6400	-0.3752	-4.0717	0.6554	0.0740
5.6500	-0.3745	-4.0783	0.6555	0.0737
5.6600	-0.3737	-4.0848	0.6557	0.0734
5.6700	-0.3730	-4.0914	0.6558	0.0731
5.6800	-0.3723	-4.0980	0.6559	0.0728
5.6900	-0.3716	-4.1045	0.6561	0.0725
5.7000	-0.3708	-4.1111	0.6562	0.0722
5.7100	-0.3701	-4.1176	0.6563	0.0719
5.7200	-0.3694	-4.1242	0.6564	0.0716
5.7300	-0.3687	-4.1308	0.6566	0.0713
5.7400	-0.3680	-4.1373	0.6567	0.0711
5.7500	-0.3673	-4.1439	0.6568	0.0708
5.7600	-0.3665	-4.1505	0.6569	0.0705
5.7700	-0.3658	-4.1570	0.6571	0.0702
5.7800	-0.3651	-4.1636	0.6572	0.0699
5.7900	-0.3644	-4.1702	0.6573	0.0697
5.8000	-0.3637	-4.1768	0.6574	0.0694
5.8100	-0.3631	-4.1833	0.6575	0.0691
5.8200	-0.3624	-4.1899	0.6577	0.0688
5.8300	-0.3617	-4.1965	0.6578	0.0686
5.8400	-0.3610	-4.2031	0.6579	0.0683
5.8500	-0.3603	-4.2096	0.6580	0.0680
5.8600	-0.3596	-4.2162	0.6581	0.0678
5.8700	-0.3590	-4.2228	0.6582	0.0675
5.8800	-0.3583	-4.2294	0.6584	0.0673
5.8900	-0.3576	-4.2360	0.6585	0.0670
5.9000	-0.3569	-4.2426	0.6586	0.0667
5.9100	-0.3563	-4.2491	0.6587	0.0665
5.9200	-0.3556	-4.2557	0.6588	0.0662
5.9300	-0.3550	-4.2623	0.6589	0.0660
5.9400	-0.3543	-4.2689	0.6590	0.0657
5.9500	-0.3536	-4.2755	0.6591	0.0655
5.9600	-0.3530	-4.2821	0.6592	0.0652
5.9700	-0.3523	-4.2887	0.6594	0.0650
5.9800	-0.3517	-4.2953	0.6595	0.0647
5.9900	-0.3510	-4.3019	0.6596	0.0645
6.0000	-0.3504	-4.3085	0.6597	0.0642
6.0100	-0.3498	-4.3151	0.6598	0.0640
6.0200	-0.3491	-4.3217	0.6599	0.0638
6.0300	-0.3485	-4.3283	0.6600	0.0635
6.0400	-0.3478	-4.3349	0.6601	0.0633
6.0500	-0.3472	-4.3415	0.6602	0.0631
6.0600	-0.3466	-4.3481	0.6603	0.0628
6.0700	-0.3460	-4.3547	0.6604	0.0626
6.0800	-0.3453	-4.3613	0.6605	0.0624
6.0900	-0.3447	-4.3679	0.6606	0.0621
6.1000	-0.3441	-4.3745	0.6607	0.0619
6.1100	-0.3435	-4.3811	0.6608	0.0617
6.1200	-0.3429	-4.3877	0.6609	0.0614
6.1300	-0.3422	-4.3943	0.6610	0.0612
6.1400	-0.3416	-4.4009	0.6611	0.0610
6.1500	-0.3410	-4.4075	0.6612	0.0608
6.1600	-0.3404	-4.4142	0.6613	0.0605
6.1700	-0.3398	-4.4208	0.6614	0.0603
6.1800	-0.3392	-4.4274	0.6615	0.0601
6.1900	-0.3386	-4.4340	0.6616	0.0599
6.2000	-0.3380	-4.4406	0.6617	0.0597
6.2100	-0.3374	-4.4472	0.6618	0.0595
6.2200	-0.3368	-4.4539	0.6619	0.0592
6.2300	-0.3362	-4.4605	0.6620	0.0590
6.2400	-0.3356	-4.4671	0.6621	0.0588
6.2500	-0.3351	-4.4737	0.6622	0.0586
6.2600	-0.3345	-4.4803	0.6623	0.0584
6.2700	-0.3339	-4.4870	0.6624	0.0582
6.2800	-0.3333	-4.4936	0.6625	0.0580
6.2900	-0.3327	-4.5002	0.6626	0.0578
6.3000	-0.3322	-4.5068	0.6626	0.0576
6.3100	-0.3316	-4.5135	0.6627	0.0574
6.3200	-0.3310	-4.5201	0.6628	0.0572
6.3300	-0.3304	-4.5267	0.6629	0.0569
6.3400	-0.3299	-4.5333	0.6630	0.0567
6.3500	-0.3293	-4.5400	0.6631	0.0565
6.3600	-0.3287	-4.5466	0.6632	0.0563
6.3700	-0.3282	-4.5532	0.6633	0.0561
6.3800	-0.3276	-4.5599	0.6634	0.0560
6.3900	-0.3271	-4.5665	0.6635	0.0558
6.4000	-0.3265	-4.5731	0.6635	0.0556
6.4100	-0.3259	-4.5798	0.6636	0.0554
6.4200	-0.3254	-4.5864	0.6637	0.0552
6.4300	-0.3248	-4.5931	0.6638	0.0550
6.4400	-0.3243	-4.5997	0.6639	0.0548
6.4500	-0.3237	-4.6063	0.6640	0.0546
6.4600	-0.3232	-4.6130	0.6641	0.0544
6.4700	-0.3227	-4.6196	0.6641	0.0542
6.4800	-0.3221	-4.6263	0.6642	0.0540
6.4900	-0.3216	-4.6329	0.6643	0.0539
6.5000	-0.3210	-4.6395	0.6644	0.0537
6.5100	-0.3205	-4.6462	0.6645	0.0535
6.5200	-0.3200	-4.6528	0.6645	0.0533
6.5300	-0.3194	-4.6595	0.6646	0.0531
6.5400	-0.3189	-4.6661	0.6647	0.0529
6.5500	-0.3184	-4.6728	0.6648	0.0528
6.5600	-0.3179	-4.6794	0.6649	0.0526
6.5700	-0.3173	-4.6861	0.6650	0.0524
6.5800	-0.3168	-4.6927	0.6650	0.0522
6.5900	-0.3163	-4.6994	0.6651	0.0520
6.6000	-0.3158	-4.7060	0.6652	0.0519
6.6100	-0.3152	-4.7127	0.6653	0.0517
6.6200	-0.3147	-4.7193	0.6653	0.0515
6.6300	-0.3142	-4.7260	0.6654	0.0513
6.6400	-0.3137	-4.7326	0.6655	0.0512
6.6500	-0.3132	-4.7393	0.6656	0.0510
6.6600	-0.3127	-4.7459	0.6657	0.0508
6.6700	-0.3122	-4.7526	0.6657	0.0507
6.6800	-0.3117	-4.7593	0.6658	0.0505
6.6900	-0.3112	-4.7659	0.6659	0.0503
6.7000	-0.3107	-4.7726	0.6660	0.0502
6.7100	-0.3102	-4.7792	0.6660	0.0500
6.7200	-0.3097	-4.7859	0.6661	0.0498
6.7300	-0.3092	-4.7926	0.6662	0.0497
6.7400	-0.3087	-4.7992	0.6663	0.0495
6.7500	-0.3082	-4.8059	0.6663	0.0493
6.7600	-0.3077	-4.8125	0.6664	0.0492
6.7700	-0.3072	-4.8192	0.6665	0.0490
6.7800	-0.3067	-4.8259	0.6665	0.0489
6.7900	-0.3062	-4.8325	0.6666	0.0487
6.8000	-0.3057	-4.8392	0.6667	0.0485
6.8100	-0.3052	-4.8459	0.6668	0.0484
6.8200	-0.3048	-4.8525	0.6668	0.0482
6.8300	-0.3043	-4.8592	0.6669	0.0481
6.8400	-0.3038	-4.8659	0.6670	0.0479
6.8500	-0.3033	-4.8726	0.6670	0.0478
6.8600	-0.3028	-4.8792	0.6671	0.0476
6.8700	-0.3024	-4.8859	0.6672	0.0474
6.8800	-0.3019	-4.8926	0.6672	0.0473
6.8900	-0.3014	-4.8992	0.6673	0.0471
6.9000	-0.3010	-4.9059	0.6674	0.0470
6.9100	-0.3005	-4.9126	0.6675	0.0468
6.9200	-0.3000	-4.9193	0.6675	0.0467
6.9300	-0.2995	-4.9259	0.6676	0.0465
6.9400	-0.2991	-4.9326	0.6677	0.0464
6.9500	-0.2986	-4.9393	0.6677	0.0462
6.9600	-0.2982	-4.9460	0.6678	0.0461
6.9700	-0.2977	-4.9526	0.6679	0.0459
6.9800	-0.2972	-4.9593	0.6679	0.0458
6.9900	-0.2968	-4.9660	0.6680	0.0457
7.0000	-0.2963	-4.9727	0.6681	0.0455
7.0100	-0.2959	-4.9794	0.6681	0.0454
7.0200	-0.2954	-4.9860	0.6682	0.0452
7.0300	-0.2950	-4.9927	0.6682	0.0451
7.0400	-0.2945	-4.9994	0.6683	0.0449
7.0500	-0.2941	-5.0061	0.6684	0.0448
7.0600	-0.2936	-5.0128	0.6684	0.0447
7.0700	-0.2932	-5.0195	0.6685	0.0445
7.0800	-0.2927	-5.0262	0.6686	0.0444
7.0900	-0.2923	-5.0328	0.6686	0.0442
7.1000	-0.2918	-5.0395	0.6687	0.0441
7.1100	-0.2914	-5.0462	0.6687	0.0440
7.1200	-0.2910	-5.0529	0.6688	0.0438
7.1300	-0.2905	-5.0596	0.6689	0.0437
7.1400	-0.2901	-5.0663	0.6689	0.0436
7.1500	-0.2897	-5.0730	0.6690	0.0434
7.1600	-0.2892	-5.0797	0.6691	0.0433
7.1700	-0.2888	-5.0863	0.6691	0.0432
7.1800	-0.2884	-5.0930	0.6692	0.0430
7.1900	-0.2879	-5.0997	0.6692	0.0429
7.2000	-0.2875	-5.1064	0.6693	0.0428
7.2100	-0.2871	-5.1131	0.6694	0.0426
7.2200	-0.2866	-5.1198	0.6694	0.0425
7.2300	-0.2862	-5.1265	0.6695	0.0424
7.2400	-0.2858	-5.1332	0.6695	0.0423
7.2500	-0.2854	-5.1399	0.6696	0.0421
7.2600	-0.2850	-5.1466	0.6696	0.0420
7.2700	-0.2845	-5.1533	0.6697	0.0419
7.2800	-0.2841	-5.1600	0.6698	0.0417
7.2900	-0.2837	-5.1667	0.6698	0.0416
7.3000	-0.2833	-5.1734	0.6699	0.0415
7.3100	-0.2829	-5.1801	0.6699	0.0414
7.3200	-0.2825	-5.1868	0.6700	0.0412
7.3300	-0.2821	-5.1935	0.6700	0.0411
7.3400	-0.2816	-5.2002	0.6701	0.0410
7.3500	-0.2812	-5.2069	0.6702	0.0409
7.3600	-0.2808	-5.2136	0.6702	0.0407
7.3700	-0.2804	-5.2203	0.6703	0.0406
7.3800	-0.2800	-5.2270	0.6703	0.0405
7.3900	-0.2796	-5.2337	0.6704	0.0404
7.4000	-0.2792	-5.2404	0.6704	0.0403
7.4100	-0.2788	-5.2471	0.6705	0.0401
7.4200	-0.2784	-5.2538	0.6705	0.0400
7.4300	-0.2780	-5.2605	0.6706	0.0399
7.4400	-0.2776	-5.2672	0.6706	0.0398
7.4500	-0.2772	-5.2739	0.6707	0.0397
7.4600	-0.2768	-5.2806	0.6708	0.0396
7.4700	-0.2764	-5.2873	0.6708	0.0394
7.4800	-0.2760	-5.2940	0.6709	0.0393
7.4900	-0.2756	-5.3008	0.6709	0.0392
7.5000	-0.2752	-5.3075	0.6710	0.0391
7.5100	-0.2748	-5.3142	0.6710	0.0390
7.5200	-0.2745	-5.3209	0.6711	0.0389
7.5300	-0.2741	-5.3276	0.6711	0.0388
7.5400	-0.2737	-5.3343	0.6712	0.0386
7.5500	-0.2733	-5.3410	0.6712	0.0385
7.5600	-0.2729	-5.3477	0.6713	0.0384
7.5700	-0.2725	-5.3544	0.6713	0.0383
7.5800	-0.2721	-5.3612	0.6714	0.0382
7.5900	-0.2718	-5.3679	0.6714	0.0381
7.6000	-0.2714	-5.3746	0.6715	0.0380
7.6100	-0.2710	-5.3813	0.6715	0.0379
7.6200	-0.2706	-5.3880	0.6716	0.0378
7.6300	-0.2702	-5.3947	0.6716	0.0377
7.6400	-0.2699	-5.4015	0.6717	0.0375
7.6500	-0.2695	-5.4082	0.6717	0.0374
7.6600	-0.2691	-5.4149	0.6718	0.0373
7.6700	-0.2687	-5.4216	0.6718	0.0372
7.6800	-0.2684	-5.4283	0.6719	0.0371
7.6900	-0.2680	-5.4350	0.6719	0.0370
7.7000	-0.2676	-5.4418	0.6720	0.0369
7.7100	-0.2673	-5.4485	0.6720	0.0368
7.7200	-0.2669	-5.4552	0.6721	0.0367
7.7300	-0.2665	-5.4619	0.6721	0.0366
7.7400	-0.2662	-5.4686	0.6722	0.0365
7.7500	-0.2658	-5.4754	0.6722	0.0364
7.7600	-0.2654	-5.4821	0.6722	0.0363
7.7700	-0.2651	-5.4888	0.6723	0.0362
7.7800	-0.2647	-5.4955	0.6723	0.0361
7.7900	-0.2644	-5.5023	0.6724	0.0360
7.8000	-0.2640	-5.5090	0.6724	0.0359
7.8100	-0.2636	-5.5157	0.6725	0.0358
7.8200	-0.2633	-5.5224	0.6725	0.0357
7.8300	-0.2629	-5.5292	0.6726	0.0356
7.8400	-0.2626	-5.5359	0.6726	0.0355
7.8500	-0.2622	-5.5426	0.6727	0.0354
7.8600	-0.2619	-5.5493	0.6727	0.0353
7.8700	-0.2615	-5.5561	0.6728	0.0352
7.8800	-0.2612	-5.5628	0.6728	0.0351
7.8900	-0.2608	-5.5695	0.6728	0.0350
7.9000	-0.2605	-5.5762	0.6729	0.0349
7.9100	-0.2601	-5.5830	0.6729	0.0348
7.9200	-0.2598	-5.5897	0.6730	0.0347
7.9300	-0.2594	-5.5964	0.6730	0.0346
7.9400	-0.2591	-5.6032	0.6731	0.0345
7.9500	-0.2587	-5.6099	0.6731	0.0344
7.9600	-0.2584	-5.6166	0.6731	0.0343
7.9700	-0.2580	-5.6234	0.6732	0.0342
7.9800	-0.2577	-5.6301	0.6732	0.0341
7.9900	-0.2574	-5.6368	0.6733	0.0341
8.0000	-0.2570	-5.6436	0.6733	0.0340
